2015;48;2015.11.28.;0;0 Ft;21;2 670 505 Ft;2403;24 710 Ft;75831;1 525 Ft;9;50;72;76;89
2015;47;2015.11.21.;0;0 Ft;23;2 478 740 Ft;2515;24 000 Ft;69459;1 690 Ft;31;53;57;60;83
2015;46;2015.11.14.;0;0 Ft;33;2 088 280 Ft;3514;20 765 Ft;102154;1 585 Ft;10;25;38;46;50
2015;45;2015.11.07.;0;0 Ft;19;2 973 970 Ft;1714;34 905 Ft;64445;1 805 Ft;41;45;51;54;86
2015;44;2015.10.31.;0;0 Ft;27;1 970 280 Ft;2661;21 170 Ft;76792;1 425 Ft;18;24;30;43;79
2015;43;2015.10.24.;0;0 Ft;58;892 550 Ft;3073;17 835 Ft;78001;1 365 Ft;2;18;45;51;70
2015;42;2015.10.17.;1;1 786 189 915 Ft;88;747 435 Ft;6310;11 035 Ft;141579;955 Ft;2;5;17;24;72
2015;41;2015.10.10.;0;0 Ft;42;1 548 785 Ft;3202;21 510 Ft;83934;1 595 Ft;14;54;60;78;81
2015;40;2015.10.03.;0;0 Ft;44;1 409 885 Ft;4599;14 280 Ft;116302;1 100 Ft;5;10;23;51;58
2015;39;2015.09.26.;0;0 Ft;19;3 206 220 Ft;2124;30 370 Ft;74209;1 690 Ft;10;57;70;75;87
2015;38;2015.09.19.;0;0 Ft;70;903 325 Ft;4400;15 215 Ft;103387;1 260 Ft;4;38;42;64;74
2015;37;2015.09.12.;0;0 Ft;30;2 129 870 Ft;2737;24 720 Ft;83686;1 570 Ft;8;50;69;72;87
2015;36;2015.09.05.;0;0 Ft;22;2 708 425 Ft;2287;27 585 Ft;72332;1 905 Ft;20;26;38;41;58
2015;35;2015.08.29.;0;0 Ft;27;2 127 820 Ft;2900;20 975 Ft;85643;1 380 Ft;1;19;70;80;81
2015;34;2015.08.22.;0;0 Ft;23;2 440 620 Ft;2160;27 515 Ft;69909;1 655 Ft;17;20;32;76;84
2015;33;2015.08.15.;0;0 Ft;34;1 682 700 Ft;3440;17 610 Ft;98464;1 195 Ft;2;13;67;70;86
2015;32;2015.08.08.;0;0 Ft;28;2 015 925 Ft;2437;24 525 Ft;78307;1 485 Ft;33;52;67;77;87
2015;31;2015.08.01.;0;0 Ft;26;2 137 970 Ft;2696;21 830 Ft;79316;1 445 Ft;3;32;50;59;65
2015;30;2015.07.25.;0;0 Ft;42;1 299 130 Ft;2727;21 185 Ft;78300;1 435 Ft;3;34;46;62;79
2015;29;2015.07.18.;0;0 Ft;38;1 487 680 Ft;3562;16 805 Ft;104090;1 120 Ft;2;5;37;57;67
2015;28;2015.07.11.;0;0 Ft;33;1 743 280 Ft;3193;19 075 Ft;94999;1 350 Ft;10;18;26;36;38
2015;27;2015.07.04.;0;0 Ft;12;4 532 965 Ft;1373;41 950 Ft;53345;2 100 Ft;1;48;61;62;79
2015;26;2015.06.27.;0;0 Ft;44;1 238 660 Ft;3084;18 710 Ft;88754;1 265 Ft;19;30;43;58;69
2015;25;2015.06.20.;2;157 018 845 Ft;29;2 005 680 Ft;2664;23 120 Ft;82801;1 445 Ft;27;29;47;59;89
2015;24;2015.06.13.;0;0 Ft;55;1 094 305 Ft;4336;14 695 Ft;114733;1 080 Ft;3;26;28;42;49
2015;23;2015.06.06.;0;0 Ft;17;3 506 065 Ft;2008;31 430 Ft;69579;1 765 Ft;15;16;36;60;70
2015;22;2015.05.30.;1;5 049 127 895 Ft;52;2 165 720 Ft;5533;21 550 Ft;162929;1 425 Ft;18;55;56;83;90
2015;21;2015.05.23.;0;0 Ft;64;1 715 340 Ft;5929;19 605 Ft;163245;1 485 Ft;12;25;30;46;51
2015;20;2015.05.16.;0;0 Ft;80;1 348 730 Ft;7766;14 710 Ft;205116;1 085 Ft;1;19;20;27;34
2015;19;2015.05.09.;0;0 Ft;97;1 089 310 Ft;6831;16 380 Ft;169939;1 280 Ft;18;37;44;52;76
2015;18;2015.05.02.;0;0 Ft;36;2 756 855 Ft;3870;27 155 Ft;127720;1 600 Ft;8;65;67;69;82
2015;17;2015.04.25.;0;0 Ft;36;2 726 480 Ft;3797;27 370 Ft;118692;1 705 Ft;2;50;55;65;84
2015;16;2015.04.18.;0;0 Ft;53;1 860 415 Ft;4725;22 095 Ft;139425;1 455 Ft;25;56;57;81;86
2015;15;2015.04.11.;0;0 Ft;75;1 279 280 Ft;6592;15 410 Ft;175066;1 130 Ft;21;23;29;46;48
2015;14;2015.04.04.;0;0 Ft;47;2 116 875 Ft;5244;20 090 Ft;147278;1 390 Ft;2;33;38;70;77
2015;13;2015.03.28.;0;0 Ft;34;2 727 040 Ft;4573;21 470 Ft;132409;1 540 Ft;6;18;35;74;90
2015;12;2015.03.21.;0;0 Ft;56;1 620 735 Ft;4613;20 830 Ft;129754;1 440 Ft;18;31;36;52;59
2015;11;2015.03.14.;0;0 Ft;56;1 738 025 Ft;5030;20 490 Ft;147747;1 355 Ft;11;41;42;45;77
2015;10;2015.03.07.;0;0 Ft;46;1 845 210 Ft;6190;14 520 Ft;167385;1 045 Ft;13;17;19;46;60
2015;9;2015.02.28.;0;0 Ft;49;1 578 995 Ft;5018;16 325 Ft;140271;1 135 Ft;18;19;22;62;67
2015;8;2015.02.21.;0;0 Ft;22;3 376 465 Ft;2923;26 910 Ft;99358;1 540 Ft;1;45;64;73;86
2015;7;2015.02.14.;0;0 Ft;34;2 327 085 Ft;3149;26 605 Ft;96715;1 685 Ft;18;31;46;49;85
2015;6;2015.02.07.;0;0 Ft;75;921 545 Ft;5074;14 425 Ft;121485;1 170 Ft;18;27;52;57;73
2015;5;2015.01.31.;0;0 Ft;43;1 544 615 Ft;3970;17 715 Ft;106323;1 285 Ft;27;35;42;55;71
2015;4;2015.01.24.;0;0 Ft;24;2 851 625 Ft;3105;23 340 Ft;102267;1 380 Ft;3;50;55;57;58
2015;3;2015.01.17.;0;0 Ft;28;2 496 165 Ft;2951;25 080 Ft;91268;1 575 Ft;63;68;69;75;86
2015;2;2015.01.10.;0;0 Ft;135;460 425 Ft;8683;7 580 Ft;164999;775 Ft;5;19;23;25;67
2015;1;2015.01.03.;0;0 Ft;10;6 127 020 Ft;1881;34 490 Ft;65981;1 910 Ft;46;54;55;70;85
2014;52;2014.12.27.;0;0 Ft;29;1 988 390 Ft;3275;18 645 Ft;97256;1 220 Ft;10;11;29;35;48
2014;51;2014.12.20.;0;0 Ft;26;2 326 960 Ft;2901;22 080 Ft;98340;1 340 Ft;6;7;40;57;67
2014;50;2014.12.13.;0;0 Ft;30;2 015 140 Ft;3236;19 780 Ft;120714;1 030 Ft;3;4;55;56;69
2014;49;2014.12.06.;0;0 Ft;183;321 410 Ft;8435;7 385 Ft;154649;785 Ft;7;19;23;44;66
2014;48;2014.11.29.;0;0 Ft;44;1 277 295 Ft;2812;21 160 Ft;75936;1 525 Ft;37;45;59;65;76
2014;47;2014.11.22.;0;0 Ft;91;618 250 Ft;4139;14 390 Ft;90485;1 280 Ft;25;38;43;57;72
2014;46;2014.11.15.;0;0 Ft;49;1 167 555 Ft;3912;15 485 Ft;103212;1 140 Ft;9;19;57;61;62
2014;45;2014.11.08.;0;0 Ft;14;3 960 320 Ft;1964;29 890 Ft;63537;1 795 Ft;14;30;51;62;78
2014;44;2014.11.01.;0;0 Ft;19;2 593 950 Ft;1968;26 515 Ft;55876;1 815 Ft;37;62;66;85;90
2014;43;2014.10.25.;0;0 Ft;47;1 101 905 Ft;3055;17 950 Ft;79286;1 345 Ft;27;49;72;79;81
2014;42;2014.10.18.;0;0 Ft;23;2 374 635 Ft;2388;24 215 Ft;77794;1 445 Ft;10;17;61;63;73
2014;41;2014.10.11.;0;0 Ft;21;2 647 925 Ft;2262;26 030 Ft;73096;1 565 Ft;4;31;38;75;89
2014;40;2014.10.04.;0;0 Ft;43;1 241 620 Ft;4009;14 100 Ft;102739;1 070 Ft;8;14;19;30;34
2014;39;2014.09.27.;0;0 Ft;25;2 101 530 Ft;3393;16 395 Ft;83169;1 300 Ft;27;32;36;39;57
2014;38;2014.09.20.;0;0 Ft;100;529 215 Ft;5748;9 750 Ft;116451;935 Ft;2;7;12;25;76
2014;37;2014.09.13.;0;0 Ft;22;2 428 080 Ft;2394;23 625 Ft;76973;1 430 Ft;7;39;40;58;68
2014;36;2014.09.06.;1;387 392 635 Ft;70;793 275 Ft;4717;12 465 Ft;104031;1 100 Ft;3;16;27;45;81
2014;35;2014.08.30.;0;0 Ft;21;2 599 165 Ft;3000;19 265 Ft;90999;1 310 Ft;19;53;60;66;67
2014;34;2014.08.23.;0;0 Ft;37;1 444 205 Ft;3044;18 585 Ft;77213;1 425 Ft;24;36;63;70;84
2014;33;2014.08.16.;0;0 Ft;24;2 332 290 Ft;2632;22 520 Ft;77170;1 495 Ft;6;52;57;68;86
2014;32;2014.08.09.;1;97 974 140 Ft;43;1 291 130 Ft;2713;21 670 Ft;75043;1 525 Ft;20;28;47;51;71
2014;31;2014.08.02.;1;192 866 270 Ft;16;3 443 595 Ft;1707;34 175 Ft;61199;1 855 Ft;23;60;76;84;86
2014;30;2014.07.26.;0;0 Ft;46;1 178 115 Ft;3991;14 380 Ft;98165;1 135 Ft;6;15;22;33;44
2014;29;2014.07.19.;1;2 049 176 095 Ft;182;417 300 Ft;9571;8 400 Ft;180194;870 Ft;13;21;44;47;52
2014;28;2014.07.12.;0;0 Ft;51;1 500 895 Ft;4999;16 215 Ft;125770;1 255 Ft;13;47;68;70;86
2014;27;2014.07.05.;0;0 Ft;16;4 341 245 Ft;2466;29 825 Ft;86073;1 660 Ft;45;52;59;69;81
2014;26;2014.06.28.;0;0 Ft;41;1 637 025 Ft;3481;20 415 Ft;100099;1 380 Ft;12;26;65;66;83
2014;25;2014.06.21.;0;0 Ft;38;1 766 980 Ft;3909;18 190 Ft;114356;1 210 Ft;3;35;37;43;52
2014;24;2014.06.14.;0;0 Ft;86;839 870 Ft;6612;11 565 Ft;146558;1 015 Ft;1;11;19;31;37
2014;23;2014.06.07.;0;0 Ft;30;2 185 270 Ft;3366;20 620 Ft;107450;1 255 Ft;2;3;32;59;73
2014;22;2014.05.31.;0;0 Ft;34;1 861 765 Ft;3310;20 250 Ft;95982;1 360 Ft;16;27;45;53;70
2014;21;2014.05.24.;0;0 Ft;23;2 656 565 Ft;2279;28 390 Ft;66919;1 880 Ft;30;55;59;71;80
2014;20;2014.05.17.;0;0 Ft;36;1 784 205 Ft;3177;21 405 Ft;97164;1 360 Ft;2;27;28;32;90
2014;19;2014.05.10.;0;0 Ft;38;1 625 590 Ft;4235;15 445 Ft;99919;1 275 Ft;12;38;45;66;76
2014;18;2014.05.03.;0;0 Ft;115;511 905 Ft;7611;8 190 Ft;150973;805 Ft;4;7;19;58;63
2014;17;2014.04.26.;0;0 Ft;39;1 553 935 Ft;3201;20 045 Ft;90415;1 380 Ft;11;16;39;49;74
2014;16;2014.04.19.;0;0 Ft;19;3 358 825 Ft;2278;29 665 Ft;75707;1 735 Ft;29;40;46;72;90
2014;15;2014.04.12.;0;0 Ft;61;997 505 Ft;4127;15 610 Ft;102077;1 225 Ft;5;20;22;49;70
2014;14;2014.04.05.;0;0 Ft;37;1 571 065 Ft;3672;16 760 Ft;96333;1 240 Ft;4;20;28;40;53
2014;13;2014.03.29.;0;0 Ft;27;2 117 515 Ft;2992;20 235 Ft;90296;1 525 Ft;19;20;30;43;65
2014;12;2014.03.22.;0;0 Ft;14;4 096 490 Ft;2018;30 090 Ft;79691;1 480 Ft;23;26;27;86;87
2014;11;2014.03.15.;1;3 054 187 380 Ft;76;1 237 115 Ft;5276;18 870 Ft;145265;1 335 Ft;5;10;54;59;80
2014;10;2014.03.08.;0;0 Ft;91;1 022 810 Ft;6348;15 525 Ft;152010;1 260 Ft;3;26;31;46;66
2014;9;2014.03.01.;0;0 Ft;37;2 378 085 Ft;4544;20 505 Ft;133927;1 355 Ft;3;59;63;66;84
2014;8;2014.02.22.;0;0 Ft;27;3 240 680 Ft;3044;30 435 Ft;95853;1 880 Ft;40;44;62;75;84
2014;7;2014.02.15.;0;0 Ft;95;947 880 Ft;6194;15 395 Ft;149779;1 240 Ft;2;10;39;44;68
2014;6;2014.02.08.;0;0 Ft;67;1 316 505 Ft;4975;18 775 Ft;134377;1 350 Ft;15;39;42;52;55
2014;5;2014.02.01.;0;0 Ft;40;1 973 875 Ft;4161;20 090 Ft;115343;1 410 Ft;23;32;37;62;79
2014;4;2014.01.25.;0;0 Ft;43;1 767 310 Ft;4056;19 840 Ft;129862;1 205 Ft;15;18;19;29;39
2014;3;2014.01.18.;0;0 Ft;43;1 707 190 Ft;4104;18 940 Ft;106783;1 510 Ft;38;43;48;57;74
2014;2;2014.01.11.;0;0 Ft;47;1 418 035 Ft;3198;22 065 Ft;96564;1 420 Ft;1;12;42;71;85
2014;1;2014.01.04.;0;0 Ft;19;3 498 315 Ft;3195;22 030 Ft;96986;1 410 Ft;24;42;46;47;81
2013;52;2013.12.28.;0;0 Ft;104;589 840 Ft;5523;11 760 Ft;116449;1 085 Ft;8;14;24;32;54
2013;51;2013.12.21.;0;0 Ft;64;1 008 920 Ft;4777;14 310 Ft;106543;1 250 Ft;5;15;38;51;76
2013;50;2013.12.14.;0;0 Ft;30;2 239 455 Ft;2263;31 435 Ft;72227;1 915 Ft;43;50;66;78;80
2013;49;2013.12.07.;0;0 Ft;23;2 672 755 Ft;2853;22 815 Ft;82405;1 535 Ft;8;24;51;86;87
2013;48;2013.11.30.;0;0 Ft;30;1 946 110 Ft;2653;23 300 Ft;81460;1 475 Ft;12;30;51;66;73
2013;47;2013.11.23.;0;0 Ft;31;1 856 330 Ft;3089;19 725 Ft;91240;1 300 Ft;11;14;37;57;58
2013;46;2013.11.16.;0;0 Ft;48;1 238 140 Ft;4295;14 650 Ft;110897;1 105 Ft;6;13;34;39;51
2013;45;2013.11.09.;0;0 Ft;15;3 882 380 Ft;2066;29 845 Ft;66343;1 805 Ft;11;59;61;74;80
2013;44;2013.11.02.;0;0 Ft;14;3 869 865 Ft;1922;29 845 Ft;64769;1 720 Ft;20;43;44;46;55
2013;43;2013.10.26.;0;0 Ft;35;1 536 060 Ft;3086;18 445 Ft;88522;1 250 Ft;7;31;36;48;66
2013;42;2013.10.19.;0;0 Ft;49;1 153 450 Ft;3589;16 675 Ft;96449;1 205 Ft;9;17;69;72;85
2013;41;2013.10.12.;0;0 Ft;16;3 603 745 Ft;1833;33 305 Ft;68604;1 730 Ft;30;31;35;43;54
2013;40;2013.10.05.;0;0 Ft;41;1 338 445 Ft;3602;16 130 Ft;96725;1 170 Ft;7;25;34;37;46
2013;39;2013.09.28.;0;0 Ft;21;2 579 245 Ft;2237;25 635 Ft;71925;1 550 Ft;5;31;64;76;86
2013;38;2013.09.21.;1;3 087 029 290 Ft;60;1 608 215 Ft;5222;19 565 Ft;149604;1 330 Ft;17;21;70;77;83
2013;37;2013.09.14.;0;0 Ft;36;2 770 035 Ft;4878;21 645 Ft;141482;1 450 Ft;1;15;48;53;62
2013;36;2013.09.07.;0;0 Ft;34;2 612 380 Ft;3029;31 050 Ft;106497;1 715 Ft;26;66;77;82;87
2013;35;2013.08.31.;0;0 Ft;72;1 204 835 Ft;5369;17 110 Ft;134420;1 330 Ft;15;24;48;59;65
2013;34;2013.08.24.;0;0 Ft;55;1 460 575 Ft;5280;16 110 Ft;138169;1 195 Ft;10;12;22;39;68
2013;33;2013.08.17.;0;0 Ft;69;1 293 085 Ft;5784;16 335 Ft;152325;1 205 Ft;12;25;31;56;57
2013;32;2013.08.10.;0;0 Ft;40;2 002 915 Ft;3235;26 220 Ft;101440;1 625 Ft;42;44;49;70;78
2013;31;2013.08.03.;0;0 Ft;11;6 513 545 Ft;2152;35 255 Ft;74477;1 980 Ft;30;31;39;78;83
2013;30;2013.07.27.;0;0 Ft;28;2 393 025 Ft;2370;29 935 Ft;72821;1 895 Ft;22;59;62;80;90
2013;29;2013.07.20.;0;0 Ft;50;1 339 140 Ft;3298;21 495 Ft;88232;1 560 Ft;16;30;32;49;73
2013;28;2013.07.13.;0;0 Ft;76;879 990 Ft;5446;13 005 Ft;135416;1 015 Ft;2;13;15;36;69
2013;27;2013.07.06.;0;0 Ft;32;1 958 260 Ft;2509;26 445 Ft;76371;1 690 Ft;55;68;76;78;81
2013;26;2013.06.29.;0;0 Ft;25;2 423 855 Ft;2708;23 695 Ft;80811;1 545 Ft;14;27;64;70;85
2013;25;2013.06.22.;0;0 Ft;50;1 202 810 Ft;3843;16 570 Ft;100336;1 235 Ft;8;12;38;45;85
2013;24;2013.06.15.;0;0 Ft;24;2 600 995 Ft;3031;21 805 Ft;91514;1 405 Ft;13;15;30;31;41
2013;23;2013.06.08.;0;0 Ft;65;901 810 Ft;3888;15 965 Ft;100432;1 200 Ft;13;26;42;79;84
2013;22;2013.06.01.;0;0 Ft;31;1 822 160 Ft;2836;21 090 Ft;84605;1 375 Ft;9;30;39;52;75
2013;21;2013.05.25.;0;0 Ft;21;2 621 100 Ft;2514;23 185 Ft;83643;1 355 Ft;13;50;53;59;70
2013;20;2013.05.18.;0;0 Ft;50;1 170 195 Ft;3886;15 940 Ft;92455;1 305 Ft;23;26;33;53;60
2013;19;2013.05.11.;0;0 Ft;18;3 085 470 Ft;2334;25 195 Ft;70337;1 625 Ft;12;37;62;82;83
2013;18;2013.05.04.;0;0 Ft;41;1 263 835 Ft;2880;19 050 Ft;77836;1 370 Ft;25;39;45;54;65
2013;17;2013.04.27.;0;0 Ft;19;2 719 140 Ft;1971;27 755 Ft;66849;1 590 Ft;20;23;39;70;78
2013;16;2013.04.20.;0;0 Ft;41;1 281 990 Ft;2948;18 880 Ft;80349;1 345 Ft;18;33;53;75;89
2013;15;2013.04.13.;0;0 Ft;14;3 981 370 Ft;2054;28 735 Ft;67645;1 695 Ft;26;39;40;52;53
2013;14;2013.04.06.;0;0 Ft;24;2 161 905 Ft;2038;26 955 Ft;65536;1 630 Ft;1;30;37;55;82
2013;13;2013.03.30.;0;0 Ft;32;1 644 285 Ft;3470;16 055 Ft;94357;1 150 Ft;3;45;56;57;86
2013;12;2013.03.23.;1;1 200 965 310 Ft;51;1 292 725 Ft;4077;17 120 Ft;98283;1 380 Ft;1;15;45;68;70
2013;11;2013.03.16.;0;0 Ft;61;1 044 400 Ft;4892;13 790 Ft;120380;1 090 Ft;2;12;23;57;78
2013;10;2013.03.09.;0;0 Ft;47;1 371 185 Ft;3844;17 750 Ft;105135;1 260 Ft;6;18;26;76;77
2013;9;2013.03.02.;0;0 Ft;60;980 230 Ft;4555;13 670 Ft;108672;1 115 Ft;6;15;23;43;68
2013;8;2013.02.23.;0;0 Ft;23;2 493 745 Ft;2523;24 070 Ft;91674;1 290 Ft;2;3;47;61;67
2013;7;2013.02.16.;0;0 Ft;48;1 275 935 Ft;4748;13 660 Ft;119257;1 055 Ft;3;19;41;55;61
2013;6;2013.02.09.;0;0 Ft;31;1 833 285 Ft;2719;22 130 Ft;75619;1 545 Ft;1;31;55;77;88
2013;5;2013.02.02.;0;0 Ft;102;518 535 Ft;6254;8 955 Ft;129054;845 Ft;7;14;19;37;44
2013;4;2013.01.26.;0;0 Ft;52;1 018 395 Ft;4292;13 065 Ft;100847;1 080 Ft;21;33;43;56;79
2013;3;2013.01.19.;0;0 Ft;34;1 543 365 Ft;3578;15 530 Ft;93551;1 155 Ft;4;20;24;36;39
2013;2;2013.01.12.;0;0 Ft;43;1 327 045 Ft;3103;19 470 Ft;88656;1 325 Ft;4;12;31;75;85
2013;1;2013.01.05.;1;1 415 181 595 Ft;32;1 939 390 Ft;3385;19 410 Ft;93135;1 370 Ft;28;47;58;72;75
2012;52;2012.12.29.;0;0 Ft;36;1 785 600 Ft;2945;23 110 Ft;82960;1 835 Ft;34;41;56;59;61
2012;51;2012.12.22.;0;0 Ft;64;1 021 470 Ft;4134;16 745 Ft;107513;1 250 Ft;5;15;32;52;83
2012;50;2012.12.15.;0;0 Ft;22;2 767 885 Ft;2125;30 340 Ft;73504;1 705 Ft;5;16;70;82;85
2012;49;2012.12.08.;0;0 Ft;37;1 615 880 Ft;1850;34 220 Ft;66291;1 855 Ft;20;31;34;69;84
2012;48;2012.12.01.;0;0 Ft;57;1 006 670 Ft;3484;17 440 Ft;88141;1 340 Ft;15;33;56;60;76
2012;47;2012.11.24.;0;0 Ft;18;3 142 000 Ft;2432;24 625 Ft;74837;1 555 Ft;20;26;59;72;75
2012;46;2012.11.17.;0;0 Ft;25;2 236 790 Ft;2572;23 020 Ft;76918;1 495 Ft;16;24;40;64;73
2012;45;2012.11.10.;0;0 Ft;56;1 020 520 Ft;3858;15 685 Ft;99240;1 185 Ft;9;16;49;54;68
2012;44;2012.11.03.;0;0 Ft;70;738 885 Ft;5006;10 940 Ft;113936;935 Ft;3;15;19;63;89
2012;43;2012.10.27.;0;0 Ft;44;1 154 975 Ft;3682;14 615 Ft;85494;1 225 Ft;15;18;37;48;72
2012;42;2012.10.20.;0;0 Ft;30;1 780 410 Ft;1871;30 225 Ft;74016;1 485 Ft;47;51;53;57;63
2012;41;2012.10.13.;0;0 Ft;29;1 918 450 Ft;2557;23 040 Ft;76507;1 495 Ft;6;23;41;81;85
2012;40;2012.10.06.;0;0 Ft;23;2 215 025 Ft;2637;20 455 Ft;79178;1 325 Ft;18;28;29;33;59
2012;39;2012.09.29.;1;772 148 640 Ft;50;1 104 375 Ft;3666;15 950 Ft;92652;1 225 Ft;2;12;29;68;86
2012;38;2012.09.22.;0;0 Ft;35;1 574 155 Ft;3233;18 045 Ft;88219;1 285 Ft;28;38;52;56;65
2012;37;2012.09.15.;0;0 Ft;15;3 880 670 Ft;2020;30 510 Ft;65181;1 840 Ft;39;62;73;83;90
2012;36;2012.09.08.;0;0 Ft;44;1 237 955 Ft;3440;16 765 Ft;92393;1 215 Ft;1;7;30;44;69
2012;35;2012.09.01.;0;0 Ft;11;4 797 205 Ft;1491;37 475 Ft;57449;1 890 Ft;24;75;83;84;85
2012;34;2012.08.25.;0;0 Ft;12;4 313 725 Ft;2346;23 365 Ft;77624;1 375 Ft;7;26;37;81;88
2012;33;2012.08.18.;0;0 Ft;41;1 316 475 Ft;3093;18 475 Ft;86499;1 285 Ft;11;42;53;64;66
2012;32;2012.08.11.;0;0 Ft;18;3 113 740 Ft;2496;23 775 Ft;82893;1 390 Ft;16;23;26;74;75
2012;31;2012.08.04.;1;709 556 535 Ft;42;1 369 405 Ft;3216;18 935 Ft;86492;1 370 Ft;16;22;28;40;54
2012;30;2012.07.28.;0;0 Ft;35;1 614 650 Ft;2996;19 970 Ft;90394;1 285 Ft;7;33;35;83;89
2012;29;2012.07.21.;0;0 Ft;26;2 207 860 Ft;3658;16 615 Ft;101268;1 165 Ft;19;43;46;47;52
2012;28;2012.07.14.;0;0 Ft;22;2 938 155 Ft;2661;25 720 Ft;81847;1 625 Ft;20;44;52;65;83
2012;27;2012.07.07.;0;0 Ft;24;2 274 725 Ft;2379;24 300 Ft;72903;1 540 Ft;17;29;74;76;82
2012;26;2012.06.30.;0;0 Ft;26;2 116 750 Ft;2339;24 915 Ft;82221;1 380 Ft;11;12;31;49;58
2012;25;2012.06.23.;0;0 Ft;37;1 523 825 Ft;3393;17 595 Ft;90960;1 275 Ft;19;24;47;60;88
2012;24;2012.06.16.;2;2 057 602 470 Ft;67;1 587 555 Ft;5615;20 060 Ft;157973;1 385 Ft;19;26;53;60;89
2012;23;2012.06.09.;0;0 Ft;39;2 752 115 Ft;5498;20 670 Ft;168644;1 310 Ft;14;21;22;58;64
2012;22;2012.06.02.;0;0 Ft;45;2 186 345 Ft;4376;23 805 Ft;129733;1 560 Ft;18;20;30;42;51
2012;21;2012.05.26.;0;0 Ft;55;1 792 355 Ft;5715;18 265 Ft;157546;1 290 Ft;23;30;45;56;71
2012;20;2012.05.19.;0;0 Ft;84;1 127 870 Ft;6569;15 270 Ft;161858;1 205 Ft;11;36;43;63;66
2012;19;2012.05.12.;0;0 Ft;39;2 541 315 Ft;4644;22 595 Ft;149645;1 365 Ft;1;25;27;69;81
2012;18;2012.05.05.;0;0 Ft;40;2 201 815 Ft;4124;22 610 Ft;127375;1 425 Ft;21;36;68;69;87
2012;17;2012.04.28.;0;0 Ft;68;1 298 805 Ft;6061;15 430 Ft;147097;1 235 Ft;1;6;23;46;50
2012;16;2012.04.21.;0;0 Ft;28;3 212 715 Ft;3271;29 120 Ft;111034;1 670 Ft;24;25;43;60;85
2012;15;2012.04.14.;0;0 Ft;49;1 998 695 Ft;4042;25 655 Ft;134464;1 500 Ft;1;23;39;50;65
2012;14;2012.04.07.;0;0 Ft;21;4 306 380 Ft;2794;34 270 Ft;94438;1 970 Ft;35;75;80;84;86
2012;13;2012.03.31.;0;0 Ft;37;2 396 700 Ft;3951;23 765 Ft;121736;1 500 Ft;15;17;68;71;89
2012;12;2012.03.24.;0;0 Ft;39;2 104 755 Ft;3962;21 935 Ft;125652;1 345 Ft;5;44;63;73;83
2012;11;2012.03.17.;0;0 Ft;44;1 764 310 Ft;3597;22 850 Ft;108791;1 470 Ft;39;45;57;77;81
2012;10;2012.03.10.;0;0 Ft;40;1 945 810 Ft;3671;22 450 Ft;103629;1 545 Ft;45;67;69;76;88
2012;9;2012.03.03.;0;0 Ft;46;1 593 475 Ft;4042;19 200 Ft;115633;1 305 Ft;2;18;43;48;53
2012;8;2012.02.25.;0;0 Ft;29;2 510 100 Ft;3152;24 455 Ft;104206;1 440 Ft;7;18;59;60;65
2012;7;2012.02.18.;0;0 Ft;42;1 645 995 Ft;4245;17 245 Ft;114130;1 245 Ft;3;29;66;79;83
2012;6;2012.02.11.;0;0 Ft;9;7 636 755 Ft;1754;41 490 Ft;66765;2 120 Ft;40;54;60;64;65
2012;5;2012.02.04.;0;0 Ft;40;1 622 215 Ft;3754;18 300 Ft;102901;1 300 Ft;4;15;24;78;82
2012;4;2012.01.28.;0;0 Ft;108;604 185 Ft;6317;10 935 Ft;134355;1 000 Ft;7;21;48;55;82
2012;3;2012.01.21.;0;0 Ft;21;2 929 435 Ft;2626;24 805 Ft;83456;1 520 Ft;10;30;44;65;66
2012;2;2012.01.14.;0;0 Ft;28;2 459 350 Ft;2837;25 700 Ft;85851;1 650 Ft;12;41;59;61;66
2012;1;2012.01.07.;0;0 Ft;22;2 649 905 Ft;2144;28 790 Ft;75194;1 595 Ft;45;56;65;81;83
2011;52;2012.01.01.;0;0 Ft;59;1 126 815 Ft;4470;15 750 Ft;115434;1 185 Ft;19;32;36;52;76
2011;51;2011.12.25.;0;0 Ft;43;1 324 670 Ft;3727;16 180 Ft;96475;1 215 Ft;12;18;25;40;67
2011;50;2011.12.17.;0;0 Ft;27;2 053 860 Ft;2249;26 110 Ft;73117;1 560 Ft;2;4;61;62;89
2011;49;2011.12.10.;0;0 Ft;66;816 710 Ft;3841;14 860 Ft;89502;1 240 Ft;4;24;32;46;84
2011;48;2011.12.03.;0;0 Ft;41;1 277 475 Ft;3432;16 160 Ft;90940;1 185 Ft;9;18;45;57;71
2011;47;2011.11.26.;0;0 Ft;46;1 100 160 Ft;3091;17 335 Ft;79649;1 310 Ft;2;6;34;35;76
2011;46;2011.11.19.;1;1 935 227 645 Ft;78;1 014 915 Ft;4633;18 090 Ft;120816;1 350 Ft;4;34;48;66;83
2011;45;2011.11.12.;0;0 Ft;38;2 137 200 Ft;3983;21 590 Ft;121699;1 375 Ft;6;11;40;47;86
2011;44;2011.11.05.;0;0 Ft;47;1 419 560 Ft;4663;15 150 Ft;120814;1 135 Ft;6;26;27;33;75
2011;43;2011.10.29.;0;0 Ft;56;1 183 240 Ft;3605;19 460 Ft;104620;1 305 Ft;4;26;67;68;71
2011;42;2011.10.22.;0;0 Ft;38;1 723 440 Ft;3277;21 160 Ft;98962;1 360 Ft;24;37;39;48;74
2011;41;2011.10.15.;0;0 Ft;29;2 412 215 Ft;3356;22 070 Ft;99144;1 455 Ft;1;4;40;57;70
2011;40;2011.10.08.;0;0 Ft;40;1 635 115 Ft;3409;20 315 Ft;89535;1 505 Ft;33;59;63;76;84
2011;39;2011.10.01.;0;0 Ft;24;2 502 700 Ft;2976;21 370 Ft;96774;1 280 Ft;4;22;32;33;35
2011;38;2011.09.24.;0;0 Ft;47;1 239 510 Ft;4610;13 380 Ft;114520;1 045 Ft;3;20;27;42;51
2011;37;2011.09.17.;0;0 Ft;33;1 736 870 Ft;2389;25 405 Ft;67063;1 760 Ft;16;50;74;76;78
2011;36;2011.09.10.;0;0 Ft;50;1 191 975 Ft;2818;22 395 Ft;71024;1 730 Ft;35;57;74;84;87
2011;35;2011.09.03.;0;0 Ft;46;1 204 285 Ft;3490;16 805 Ft;99556;1 145 Ft;7;10;56;58;84
2011;34;2011.08.27.;0;0 Ft;19;2 835 555 Ft;1709;33 380 Ft;54586;2 030 Ft;35;59;78;85;88
2011;33;2011.08.20.;0;0 Ft;10;4 912 460 Ft;1798;28 930 Ft;59008;1 715 Ft;23;65;75;84;88
2011;32;2011.08.13.;0;0 Ft;26;2 226 850 Ft;2436;25 165 Ft;77536;1 535 Ft;20;56;63;68;84
2011;31;2011.08.06.;0;0 Ft;22;2 336 885 Ft;3052;17 835 Ft;82400;1 285 Ft;7;14;50;68;90
2011;30;2011.07.30.;0;0 Ft;24;2 087 170 Ft;1897;27 960 Ft;58240;1 770 Ft;28;50;64;79;82
2011;29;2011.07.23.;0;0 Ft;39;1 266 290 Ft;2553;20 480 Ft;68639;1 480 Ft;28;55;57;82;83
2011;28;2011.07.16.;1;458 625 055 Ft;39;1 368 315 Ft;2631;21 475 Ft;76263;1 440 Ft;4;20;43;52;85
2011;27;2011.07.09.;0;0 Ft;12;4 372 665 Ft;1629;34 105 Ft;54546;1 980 Ft;37;50;65;87;89
2011;26;2011.07.02.;0;0 Ft;15;3 452 430 Ft;2444;22 435 Ft;71975;1 480 Ft;2;22;36;60;76
2011;25;2011.06.25.;0;0 Ft;28;1 827 520 Ft;2253;24 050 Ft;70331;1 500 Ft;15;52;55;71;83
2011;24;2011.06.18.;0;0 Ft;40;1 277 355 Ft;2902;18 640 Ft;76860;1 370 Ft;15;20;37;42;51
2011;23;2011.06.11.;1;1 934 388 935 Ft;53;1 622 515 Ft;5110;17 820 Ft;139808;1 265 Ft;11;42;45;63;76
2011;22;2011.06.04.;0;0 Ft;32;2 409 085 Ft;4253;19 190 Ft;128532;1 235 Ft;2;13;72;83;84
2011;21;2011.05.28.;0;0 Ft;89;830 850 Ft;5524;14 175 Ft;130215;1 170 Ft;9;33;42;68;74
2011;20;2011.05.21.;0;0 Ft;34;2 186 250 Ft;3633;21 665 Ft;106956;1 430 Ft;8;10;51;59;74
2011;19;2011.05.14.;0;0 Ft;20;4 261 865 Ft;3157;28 590 Ft;105976;1 655 Ft;22;29;40;48;86
2011;18;2011.05.07.;0;0 Ft;48;1 497 105 Ft;4276;17 795 Ft;119338;1 240 Ft;6;22;23;47;84
2011;17;2011.04.30.;0;0 Ft;12;5 511 230 Ft;1943;36 040 Ft;70218;1 940 Ft;26;39;41;84;88
2011;16;2011.04.23.;0;0 Ft;73;921 500 Ft;4756;14 975 Ft;123573;1 120 Ft;1;19;34;51;67
2011;15;2011.04.16.;0;0 Ft;10;6 085 425 Ft;1688;38 170 Ft;62912;1 990 Ft;35;60;74;77;84
2011;14;2011.04.09.;0;0 Ft;27;2 260 960 Ft;2899;22 295 Ft;82936;1 515 Ft;2;34;66;77;82
2011;13;2011.04.02.;0;0 Ft;31;1 770 770 Ft;3231;17 990 Ft;90962;1 240 Ft;24;29;53;71;72
2011;12;2011.03.26.;0;0 Ft;10;5 227 725 Ft;1756;31 520 Ft;59785;1 800 Ft;40;54;73;81;85
2011;11;2011.03.19.;0;0 Ft;21;2 366 700 Ft;1908;27 580 Ft;62103;1 650 Ft;18;41;42;52;89
2011;10;2011.03.12.;0;0 Ft;22;2 521 610 Ft;2926;20 075 Ft;85493;1 335 Ft;17;31;32;53;72
2011;9;2011.03.05.;0;0 Ft;22;2 261 585 Ft;1917;27 480 Ft;69166;1 480 Ft;1;56;69;75;76
2011;8;2011.02.26.;0;0 Ft;32;1 517 470 Ft;3218;15 975 Ft;81903;1 220 Ft;5;22;51;70;72
2011;7;2011.02.19.;0;0 Ft;26;1 872 880 Ft;2425;21 260 Ft;62456;1 605 Ft;15;38;66;70;76
2011;6;2011.02.12.;1;556 859 255 Ft;78;750 625 Ft;4620;13 420 Ft;107879;1 115 Ft;5;15;36;73;75
2011;5;2011.02.05.;0;0 Ft;27;1 904 060 Ft;2405;22 635 Ft;76829;1 380 Ft;1;2;18;58;74
2011;4;2011.01.29.;0;0 Ft;47;1 068 760 Ft;3881;13 705 Ft;93680;1 105 Ft;12;21;33;57;59
2011;3;2011.01.22.;0;0 Ft;19;2 684 685 Ft;1612;33 505 Ft;57243;1 835 Ft;26;39;70;71;82
2011;2;2011.01.15.;0;0 Ft;33;1 678 430 Ft;3183;18 425 Ft;89842;1 270 Ft;3;10;48;61;76
2011;1;2011.01.08.;0;0 Ft;43;1 138 755 Ft;2732;18 980 Ft;68153;1 480 Ft;5;30;55;70;85
2010;52;2011.01.01.;1;874 276 330 Ft;43;1 534 290 Ft;3396;20 570 Ft;100313;1 355 Ft;4;8;31;81;83
2010;51;2010.12.25.;0;0 Ft;21;2 238 530 Ft;2815;17 680 Ft;82320;1 175 Ft;4;17;70;71;75
2010;50;2010.12.18.;0;0 Ft;19;2 558 480 Ft;2058;25 010 Ft;70447;1 420 Ft;11;30;63;66;84
2010;49;2010.12.11.;0;0 Ft;67;728 050 Ft;4682;11 030 Ft;98864;1 015 Ft;4;28;38;69;72
2010;48;2010.12.04.;0;0 Ft;24;1 951 005 Ft;2510;19 750 Ft;71851;1 340 Ft;37;45;48;52;74
2010;47;2010.11.27.;0;0 Ft;10;4 556 430 Ft;1505;32 055 Ft;57288;1 635 Ft;2;60;66;73;84
2010;46;2010.11.20.;0;0 Ft;14;3 244 805 Ft;1539;31 255 Ft;59420;1 575 Ft;24;26;39;40;78
2010;45;2010.11.13.;0;0 Ft;41;1 205 780 Ft;2708;19 330 Ft;74120;1 375 Ft;1;15;22;50;80
2010;44;2010.11.06.;0;0 Ft;17;2 569 935 Ft;1943;23 810 Ft;59969;1 500 Ft;15;41;43;45;89
2010;43;2010.10.30.;1;77 415 030 Ft;28;1 566 735 Ft;3045;15 255 Ft;78623;1 150 Ft;6;28;38;49;69
2010;42;2010.10.23.;1;758 449 445 Ft;21;2 199 810 Ft;2443;20 020 Ft;77471;1 230 Ft;12;23;30;33;61
2010;41;2010.10.16.;0;0 Ft;39;1 254 220 Ft;3176;16 305 Ft;85773;1 175 Ft;2;8;38;44;50
2010;40;2010.10.09.;0;0 Ft;30;1 698 160 Ft;2364;22 820 Ft;74594;1 405 Ft;10;29;62;74;83
2010;39;2010.10.02.;0;0 Ft;291;164 020 Ft;5983;8 445 Ft;126043;780 Ft;13;19;31;53;73
2010;38;2010.09.25.;0;0 Ft;11;4 233 945 Ft;1423;34 655 Ft;56550;1 695 Ft;26;30;36;41;81
2010;37;2010.09.18.;0;0 Ft;51;929 485 Ft;4329;11 595 Ft;102909;950 Ft;1;7;14;35;43
2010;36;2010.09.11.;0;0 Ft;36;1 420 660 Ft;3302;16 400 Ft;89597;1 175 Ft;25;32;36;43;63
2010;35;2010.09.04.;0;0 Ft;32;1 435 095 Ft;2938;16 550 Ft;72044;1 310 Ft;15;37;46;55;59
2010;34;2010.08.28.;0;0 Ft;50;899 170 Ft;3733;12 750 Ft;94556;980 Ft;3;11;16;22;87
2010;33;2010.08.21.;1;176 310 200 Ft;101;452 850 Ft;6376;7 595 Ft;130751;720 Ft;13;19;26;53;73
2010;32;2010.08.14.;0;0 Ft;21;2 579 575 Ft;1968;29 145 Ft;68981;1 615 Ft;39;42;47;81;89
2010;31;2010.08.07.;1;339 938 885 Ft;63;775 715 Ft;5001;10 345 Ft;109211;920 Ft;2;9;11;37;46
2010;30;2010.07.31.;0;0 Ft;68;707 450 Ft;4178;12 190 Ft;103537;955 Ft;1;3;38;63;72
2010;29;2010.07.24.;0;0 Ft;54;885 510 Ft;3551;14 260 Ft;93596;1 050 Ft;11;23;32;66;73
2010;28;2010.07.17.;0;0 Ft;24;1 993 250 Ft;2410;21 015 Ft;67766;1 455 Ft;25;49;76;78;85
2010;27;2010.07.10.;1;87 586 035 Ft;38;1 306 110 Ft;3288;15 985 Ft;88185;1 160 Ft;3;53;73;76;89
2010;26;2010.07.03.;1;3 177 138 790 Ft;60;1 531 390 Ft;7074;13 755 Ft;183291;1 030 Ft;14;17;21;28;50
2010;25;2010.06.26.;0;0 Ft;76;1 182 320 Ft;6169;15 425 Ft;163377;1 130 Ft;11;18;26;67;83
2010;24;2010.06.19.;0;0 Ft;68;1 182 065 Ft;5145;16 540 Ft;133855;1 235 Ft;4;44;65;73;89
2010;23;2010.06.12.;0;0 Ft;30;2 696 265 Ft;2829;30 275 Ft;95050;1 750 Ft;31;46;70;74;78
2010;22;2010.06.05.;0;0 Ft;33;2 268 765 Ft;3912;20 265 Ft;120561;1 280 Ft;9;18;76;85;90
2010;21;2010.05.29.;0;0 Ft;51;1 401 300 Ft;5234;14 455 Ft;149301;985 Ft;17;19;29;36;78
2010;20;2010.05.22.;0;0 Ft;68;1 050 575 Ft;4894;15 455 Ft;131329;1 120 Ft;4;6;52;77;78
2010;19;2010.05.15.;0;0 Ft;25;2 808 640 Ft;3047;24 400 Ft;98137;1 475 Ft;15;37;51;83;86
2010;18;2010.05.08.;0;0 Ft;42;1 690 925 Ft;3020;24 900 Ft;96949;1 510 Ft;2;30;50;72;84
2010;17;2010.05.01.;0;0 Ft;27;2 143 520 Ft;2768;22 140 Ft;82677;1 440 Ft;24;52;58;61;78
2010;16;2010.04.24.;0;0 Ft;46;1 401 045 Ft;4372;15 610 Ft;121534;1 090 Ft;1;10;42;55;73
2010;15;2010.04.17.;0;0 Ft;52;1 259 600 Ft;4007;17 310 Ft;105629;1 275 Ft;18;36;49;64;80
2010;14;2010.04.10.;0;0 Ft;98;707 820 Ft;7124;10 310 Ft;143705;995 Ft;18;23;45;53;64
2010;13;2010.04.03.;0;0 Ft;36;1 792 665 Ft;3746;18 240 Ft;101905;1 305 Ft;28;38;55;68;82
2010;12;2010.03.27.;0;0 Ft;46;1 319 710 Ft;4174;15 400 Ft;112080;1 115 Ft;8;22;53;63;71
2010;11;2010.03.20.;0;0 Ft;17;3 528 745 Ft;2329;27 270 Ft;78217;1 580 Ft;10;61;71;77;83
2010;10;2010.03.13.;0;0 Ft;40;1 634 640 Ft;3348;20 680 Ft;97098;1 385 Ft;1;29;50;55;70
2010;9;2010.03.06.;0;0 Ft;28;2 081 815 Ft;2238;27 580 Ft;70806;1 695 Ft;20;24;61;86;90
2010;8;2010.02.27.;0;0 Ft;58;934 715 Ft;4592;12 500 Ft;105946;1 055 Ft;9;24;54;79;82
2010;7;2010.02.20.;0;0 Ft;42;1 297 905 Ft;4411;13 085 Ft;116377;965 Ft;4;9;29;64;65
2010;6;2010.02.13.;0;0 Ft;59;917 840 Ft;4964;11 550 Ft;123633;900 Ft;13;26;27;30;45
2010;5;2010.02.06.;0;0 Ft;22;2 127 600 Ft;2802;17 690 Ft;84187;1 145 Ft;12;38;39;57;79
2010;4;2010.01.30.;0;0 Ft;51;872 955 Ft;3266;14 435 Ft;93447;980 Ft;3;16;31;52;53
2010;3;2010.01.23.;0;0 Ft;24;1 836 135 Ft;3066;15 220 Ft;93853;965 Ft;8;9;54;69;87
2010;2;2010.01.16.;0;0 Ft;31;1 457 275 Ft;2947;16 230 Ft;80928;1 150 Ft;25;35;42;57;87
2010;1;2010.01.09.;0;0 Ft;63;774 605 Ft;4393;11 760 Ft;121950;825 Ft;13;17;42;43;46
2009;53;2010.01.02.;0;0 Ft;32;1 452 590 Ft;2658;18 515 Ft;83637;1 145 Ft;5;42;46;71;81
2009;52;2009.12.26.;0;0 Ft;33;1 217 620 Ft;2989;14 235 Ft;79039;1 045 Ft;4;22;68;72;82
2009;51;2009.12.19.;0;0 Ft;38;1 113 190 Ft;3005;14 905 Ft;85948;1 015 Ft;6;28;33;41;45
2009;50;2009.12.12.;1;156 900 265 Ft;62;723 095 Ft;4013;11 830 Ft;98571;935 Ft;3;25;48;55;80
2009;49;2009.12.05.;0;0 Ft;16;2 754 900 Ft;2433;19 185 Ft;73201;1 240 Ft;21;38;46;61;65
2009;48;2009.11.28.;3;50 999 020 Ft;78;555 795 Ft;4726;9 715 Ft;104010;860 Ft;15;19;45;63;68
2009;47;2009.11.21.;0;0 Ft;9;4 816 245 Ft;1299;35 330 Ft;50594;1 765 Ft;60;73;75;82;86
2009;46;2009.11.14.;1;335 213 315 Ft;24;2 315 765 Ft;2272;25 900 Ft;75490;1 515 Ft;55;61;63;86;90
2009;45;2009.11.07.;0;0 Ft;36;1 270 525 Ft;3179;15 235 Ft;87216;1 080 Ft;6;32;57;66;77
2009;44;2009.10.31.;0;0 Ft;54;828 315 Ft;3242;14 610 Ft;88313;1 045 Ft;5;35;47;66;78
2009;43;2009.10.24.;0;0 Ft;42;1 045 425 Ft;3476;13 375 Ft;102340;885 Ft;18;19;54;57;84
2009;42;2009.10.17.;1;85 235 500 Ft;48;1 006 250 Ft;4234;12 080 Ft;110806;895 Ft;4;27;29;62;72
2009;41;2009.10.10.;1;2 189 049 755 Ft;57;1 288 960 Ft;4822;16 135 Ft;136891;1 105 Ft;15;28;51;52;73
2009;40;2009.10.03.;0;0 Ft;61;1 178 705 Ft;5086;14 970 Ft;141551;1 045 Ft;1;6;8;59;71
2009;39;2009.09.26.;0;0 Ft;87;815 680 Ft;5991;12 540 Ft;146434;1 000 Ft;16;24;33;54;84
2009;38;2009.09.19.;0;0 Ft;62;1 074 465 Ft;5152;13 690 Ft;143337;955 Ft;9;16;26;73;75
2009;37;2009.09.12.;0;0 Ft;125;557 105 Ft;7153;10 310 Ft;162510;880 Ft;1;11;21;29;81
2009;36;2009.09.05.;0;0 Ft;85;763 055 Ft;6367;10 785 Ft;152836;875 Ft;9;14;15;26;45
2009;35;2009.08.29.;0;0 Ft;108;592 130 Ft;6889;9 830 Ft;160506;820 Ft;9;12;35;56;58
2009;34;2009.08.22.;0;0 Ft;49;1 166 255 Ft;4811;12 575 Ft;122115;965 Ft;11;34;41;56;69
2009;33;2009.08.15.;0;0 Ft;26;2 588 005 Ft;3245;21 955 Ft;106525;1 300 Ft;4;43;61;77;80
2009;32;2009.08.08.;0;0 Ft;57;1 082 055 Ft;4939;13 220 Ft;119143;1 065 Ft;1;2;16;51;90
2009;31;2009.08.01.;0;0 Ft;92;619 815 Ft;5191;11 630 Ft;121931;965 Ft;15;23;41;67;73
2009;30;2009.07.25.;0;0 Ft;47;1 121 105 Ft;3173;17 585 Ft;92162;1 175 Ft;25;29;48;66;89
2009;29;2009.07.18.;0;0 Ft;46;1 116 235 Ft;4168;13 045 Ft;105840;1 000 Ft;1;6;20;33;38
2009;28;2009.07.11.;0;0 Ft;39;1 326 075 Ft;3183;17 205 Ft;92062;1 155 Ft;4;28;58;59;85
2009;27;2009.07.04.;0;0 Ft;21;2 315 250 Ft;2599;19 810 Ft;80976;1 235 Ft;2;54;66;78;81
2009;26;2009.06.27.;0;0 Ft;83;561 445 Ft;5496;8 980 Ft;132151;725 Ft;4;9;13;32;70
2009;25;2009.06.20.;0;0 Ft;22;2 090 895 Ft;2701;18 030 Ft;94017;1 005 Ft;3;4;32;83;90
2009;24;2009.06.13.;0;0 Ft;67;704 680 Ft;4185;11 945 Ft;102215;950 Ft;1;7;17;40;81
2009;23;2009.06.06.;0;0 Ft;16;2 674 540 Ft;2354;19 250 Ft;71895;1 225 Ft;31;37;66;73;77
2009;22;2009.05.30.;0;0 Ft;22;1 945 755 Ft;2012;22 525 Ft;66382;1 330 Ft;25;66;76;77;90
2009;21;2009.05.23.;0;0 Ft;64;663 920 Ft;4450;10 110 Ft;110366;795 Ft;1;13;33;46;54
2009;20;2009.05.16.;0;0 Ft;18;2 424 850 Ft;1903;24 285 Ft;64497;1 395 Ft;2;38;44;61;76
2009;19;2009.05.09.;1;1 149 746 950 Ft;59;943 125 Ft;3806;15 480 Ft;107978;1 060 Ft;27;33;38;71;81
2009;18;2009.05.02.;0;0 Ft;38;1 386 135 Ft;4180;13 340 Ft;109353;990 Ft;10;16;29;34;42
2009;17;2009.04.25.;0;0 Ft;21;2 582 560 Ft;2419;23 740 Ft;86480;1 290 Ft;20;43;53;54;58
2009;16;2009.04.19.;0;0 Ft;44;1 129 170 Ft;4105;12 815 Ft;107358;955 Ft;17;21;57;62;71
2009;15;2009.04.11.;0;0 Ft;93;570 170 Ft;5324;10 545 Ft;134731;810 Ft;4;7;31;54;57
2009;14;2009.04.04.;0;0 Ft;37;1 288 265 Ft;4001;12 615 Ft;111568;880 Ft;7;11;15;66;79
2009;13;2009.03.28.;0;0 Ft;27;1 793 660 Ft;2484;20 645 Ft;75949;1 315 Ft;14;32;53;70;86
2009;12;2009.03.21.;0;0 Ft;24;1 931 555 Ft;2224;22 070 Ft;70576;1 350 Ft;20;44;52;74;85
2009;11;2009.03.14.;0;0 Ft;24;2 270 330 Ft;2242;25 735 Ft;88176;1 270 Ft;26;31;33;36;37
2009;10;2009.03.07.;0;0 Ft;40;1 148 085 Ft;3184;15 270 Ft;83510;1 130 Ft;11;25;57;79;86
2009;9;2009.02.28.;0;0 Ft;22;2 034 805 Ft;2373;19 975 Ft;79204;1 165 Ft;7;22;79;86;88
2009;8;2009.02.21.;0;0 Ft;69;655 720 Ft;5084;9 425 Ft;117054;795 Ft;5;19;26;62;64
2009;7;2009.02.14.;0;0 Ft;95;561 990 Ft;5235;10 800 Ft;118796;925 Ft;4;16;22;39;69
2009;6;2009.02.07.;1;870 050 995 Ft;53;1 031 055 Ft;4700;12 310 Ft;113428;990 Ft;18;22;29;47;51
2009;5;2009.01.31.;0;0 Ft;30;1 765 385 Ft;3935;14 250 Ft;107046;1 020 Ft;27;43;53;74;75
2009;4;2009.01.24.;0;0 Ft;21;2 516 895 Ft;2581;21 685 Ft;82073;1 325 Ft;2;29;31;43;85
2009;3;2009.01.17.;0;0 Ft;40;1 235 085 Ft;2838;18 430 Ft;76633;1 325 Ft;16;43;48;76;86
2009;2;2009.01.10.;0;0 Ft;29;1 804 730 Ft;2818;19 665 Ft;90167;1 195 Ft;4;41;56;84;85
2009;1;2009.01.03.;0;0 Ft;37;1 235 215 Ft;3727;12 985 Ft;102574;915 Ft;9;12;36;51;60
2008;52;2008.12.27.;0;0 Ft;27;1 610 810 Ft;2619;17 585 Ft;77890;1 150 Ft;26;34;66;67;83
2008;51;2008.12.20.;0;0 Ft;24;1 930 915 Ft;2242;21 885 Ft;78323;1 220 Ft;1;23;24;39;62
2008;50;2008.12.13.;0;0 Ft;24;2 078 820 Ft;2444;21 615 Ft;83059;1 235 Ft;1;15;43;44;51
2008;49;2008.12.06.;0;0 Ft;24;1 891 570 Ft;2404;19 995 Ft;73335;1 275 Ft;11;24;31;60;84
2008;48;2008.11.29.;1;159 152 200 Ft;57;787 265 Ft;4397;10 805 Ft;111999;825 Ft;10;13;28;52;65
2008;47;2008.11.22.;0;0 Ft;98;462 370 Ft;5767;8 320 Ft;127586;730 Ft;9;13;16;39;67
2008;46;2008.11.15.;1;175 138 540 Ft;98;530 515 Ft;7230;7 615 Ft;156171;685 Ft;9;13;29;33;64
2008;45;2008.11.08.;0;0 Ft;34;1 389 845 Ft;3753;13 330 Ft;102081;955 Ft;9;22;24;49;88
2008;44;2008.11.01.;1;2 310 384 275 Ft;82;676 010 Ft;5492;10 685 Ft;121096;940 Ft;2;9;39;69;75
2008;43;2008.10.25.;0;0 Ft;67;865 335 Ft;5412;11 345 Ft;132902;900 Ft;5;14;36;46;54
2008;42;2008.10.18.;0;0 Ft;37;1 646 215 Ft;2983;21 620 Ft;91815;1 365 Ft;31;52;55;59;62
2008;41;2008.10.11.;0;0 Ft;50;1 285 895 Ft;5766;11 805 Ft;149601;885 Ft;11;27;69;72;77
2008;40;2008.10.04.;0;0 Ft;25;2 371 130 Ft;2814;22 305 Ft;100164;1 220 Ft;1;25;38;71;74
2008;39;2008.09.27.;0;0 Ft;56;1 050 325 Ft;3797;16 400 Ft;101251;1 195 Ft;33;45;57;73;88
2008;38;2008.09.20.;0;0 Ft;45;1 335 060 Ft;3879;16 400 Ft;103347;1 195 Ft;22;31;53;67;84
2008;37;2008.09.13.;0;0 Ft;21;2 940 560 Ft;2429;26 920 Ft;79270;1 605 Ft;34;41;61;76;84
2008;36;2008.09.06.;0;0 Ft;40;1 398 935 Ft;3662;16 180 Ft;109774;1 050 Ft;22;23;31;42;73
2008;35;2008.08.30.;0;0 Ft;29;1 931 025 Ft;3322;17 850 Ft;106052;1 085 Ft;3;40;57;75;83
2008;34;2008.08.23.;0;0 Ft;21;2 428 730 Ft;2942;18 355 Ft;83297;1 260 Ft;11;20;44;46;88
2008;33;2008.08.16.;0;0 Ft;71;819 375 Ft;5101;12 075 Ft;124961;960 Ft;7;16;33;65;78
2008;32;2008.08.09.;0;0 Ft;45;1 193 450 Ft;3366;16 895 Ft;93324;1 185 Ft;1;33;42;65;70
2008;31;2008.08.02.;0;0 Ft;22;2 249 995 Ft;1945;26 945 Ft;69868;1 460 Ft;2;38;40;50;84
2008;30;2008.07.26.;0;0 Ft;28;1 745 285 Ft;2417;21 410 Ft;75529;1 330 Ft;32;37;48;70;87
2008;29;2008.07.19.;0;0 Ft;18;2 659 490 Ft;2281;22 220 Ft;79093;1 245 Ft;14;24;64;74;81
2008;28;2008.07.12.;0;0 Ft;43;1 119 060 Ft;3910;13 030 Ft;103177;960 Ft;2;23;26;27;50
2008;27;2008.07.05.;0;0 Ft;12;3 860 155 Ft;2558;19 175 Ft;76877;1 240 Ft;20;27;63;81;82
2008;26;2008.06.28.;0;0 Ft;50;896 445 Ft;5080;9 340 Ft;119793;770 Ft;4;7;56;71;83
2008;25;2008.06.21.;0;0 Ft;54;834 905 Ft;3774;12 650 Ft;91256;1 015 Ft;5;16;30;50;55
2008;24;2008.06.14.;0;0 Ft;47;1 071 150 Ft;4018;13 265 Ft;112893;920 Ft;3;15;16;56;89
2008;23;2008.06.07.;0;0 Ft;49;909 665 Ft;3617;13 050 Ft;88227;1 040 Ft;27;33;39;65;83
2008;22;2008.05.31.;0;0 Ft;47;915 485 Ft;3212;14 185 Ft;89246;995 Ft;4;8;18;86;89
2008;21;2008.05.24.;0;0 Ft;66;661 460 Ft;5052;9 150 Ft;113428;790 Ft;3;11;28;43;75
2008;20;2008.05.17.;0;0 Ft;18;2 424 780 Ft;1738;26 590 Ft;59013;1 525 Ft;53;57;62;82;90
2008;19;2008.05.10.;1;588 679 290 Ft;35;1 473 690 Ft;3366;16 225 Ft;95103;1 115 Ft;4;44;47;63;89
2008;18;2008.05.03.;0;0 Ft;18;2 562 725 Ft;2504;19 505 Ft;83907;1 130 Ft;10;53;54;65;71
2008;17;2008.04.26.;0;0 Ft;48;977 440 Ft;4900;10 140 Ft;121964;790 Ft;7;8;24;56;85
2008;16;2008.04.19.;0;0 Ft;18;2 648 505 Ft;2325;21 710 Ft;79002;1 240 Ft;11;36;38;79;89
2008;15;2008.04.12.;0;0 Ft;27;1 853 565 Ft;3004;17 640 Ft;88035;1 170 Ft;29;55;64;77;87
2008;14;2008.04.05.;0;0 Ft;25;1 861 065 Ft;2090;23 570 Ft;65782;1 455 Ft;16;51;69;78;87
2008;13;2008.03.29.;0;0 Ft;48;931 535 Ft;3560;13 300 Ft;90643;1 015 Ft;10;14;28;35;41
2008;12;2008.03.22.;1;84 277 605 Ft;49;974 640 Ft;3987;12 685 Ft;102099;965 Ft;9;29;57;69;74
2008;11;2008.03.15.;2;127 744 345 Ft;67;726 660 Ft;3599;14 325 Ft;89085;1 125 Ft;10;34;42;66;85
2008;10;2008.03.08.;0;0 Ft;35;1 390 190 Ft;3437;14 990 Ft;96815;1 035 Ft;10;23;29;58;65
2008;9;2008.03.01.;0;0 Ft;35;1 355 260 Ft;3525;14 250 Ft;105382;925 Ft;11;13;49;57;60
2008;8;2008.02.23.;1;647 684 995 Ft;59;894 315 Ft;4777;11 695 Ft;116583;930 Ft;12;27;44;52;57
2008;7;2008.02.16.;0;0 Ft;29;1 839 865 Ft;2976;18 985 Ft;95658;1 150 Ft;2;24;26;34;88
2008;6;2008.02.09.;0;0 Ft;60;933 555 Ft;3669;16 165 Ft;97897;1 180 Ft;14;16;28;46;58
2008;5;2008.02.02.;0;0 Ft;41;1 255 520 Ft;4297;12 685 Ft;114951;920 Ft;3;18;20;71;81
2008;4;2008.01.26.;0;0 Ft;38;1 352 925 Ft;3407;15 975 Ft;98914;1 070 Ft;10;23;61;68;72
2008;3;2008.01.19.;1;2 356 386 190 Ft;86;1 013 465 Ft;5677;16 255 Ft;156079;1 150 Ft;5;24;59;62;86
2008;2;2008.01.12.;0;0 Ft;68;1 327 380 Ft;5954;16 050 Ft;165451;1 125 Ft;18;42;45;72;80
2008;1;2008.01.05.;0;0 Ft;74;971 280 Ft;6525;11 665 Ft;161485;915 Ft;4;14;27;38;41
2007;52;2007.12.29.;0;0 Ft;54;1 215 930 Ft;5317;13 080 Ft;145776;930 Ft;9;12;15;49;66
2007;51;2007.12.22.;0;0 Ft;31;2 238 575 Ft;3333;22 050 Ft;111836;1 280 Ft;15;17;34;80;90
2007;50;2007.12.15.;0;0 Ft;59;1 117 985 Ft;5429;12 865 Ft;149181;910 Ft;11;13;18;39;76
2007;49;2007.12.08.;0;0 Ft;30;2 310 685 Ft;3229;22 735 Ft;94059;1 520 Ft;40;50;70;73;89
2007;48;2007.12.01.;0;0 Ft;31;1 941 821 Ft;3065;20 795 Ft;96824;1 280 Ft;6;27;60;71;82
2007;47;2007.11.24.;0;0 Ft;71;827 617 Ft;5032;12 364 Ft;128991;938 Ft;4;21;26;71;83
2007;46;2007.11.17.;0;0 Ft;19;3 111 056 Ft;3221;19 431 Ft;103672;1 174 Ft;9;34;50;63;90
2007;45;2007.11.10.;0;0 Ft;31;2 082 856 Ft;3582;19 086 Ft;111216;1 195 Ft;1;15;26;55;59
2007;44;2007.11.03.;0;0 Ft;19;2 566 688 Ft;2922;17 671 Ft;91981;1 092 Ft;15;22;23;70;88
2007;43;2007.10.27.;0;0 Ft;37;1 319 633 Ft;3634;14 226 Ft;103434;972 Ft;28;34;36;42;86
2007;42;2007.10.20.;0;0 Ft;26;2 093 060 Ft;3689;15 620 Ft;98150;1 142 Ft;25;30;40;55;74
2007;41;2007.10.13.;0;0 Ft;37;1 415 198 Ft;3336;16 619 Ft;105698;1 020 Ft;11;21;32;84;85
2007;40;2007.10.06.;0;0 Ft;40;1 195 677 Ft;3623;13 977 Ft;94710;1 040 Ft;1;18;30;69;90
2007;39;2007.09.29.;0;0 Ft;56;830 553 Ft;4021;12 247 Ft;93995;1 019 Ft;25;38;51;55;85
2007;38;2007.09.22.;0;0 Ft;68;744 350 Ft;4809;11 144 Ft;118275;881 Ft;27;37;39;57;66
2007;37;2007.09.15.;0;0 Ft;25;1 939 723 Ft;3032;16 935 Ft;92267;1 082 Ft;9;35;42;87;88
2007;36;2007.09.08.;0;0 Ft;54;815 262 Ft;4400;10 594 Ft;115607;784 Ft;2;4;17;25;41
2007;35;2007.09.01.;0;0 Ft;100;439 396 Ft;5562;8 365 Ft;128000;707 Ft;3;11;24;35;77
2007;34;2007.08.25.;0;0 Ft;23;1 870 533 Ft;2855;15 956 Ft;80482;1 101 Ft;17;26;57;59;78
2007;33;2007.08.18.;0;0 Ft;15;2 947 267 Ft;1826;25 635 Ft;68579;1 327 Ft;28;30;35;46;83
2007;32;2007.08.11.;1;1 092 246 517 Ft;31;1 827 555 Ft;3769;15 916 Ft;121686;959 Ft;1;3;47;76;78
2007;31;2007.08.04.;0;0 Ft;26;2 010 801 Ft;2479;22 330 Ft;83936;1 282 Ft;40;46;63;71;77
2007;30;2007.07.28.;0;0 Ft;36;1 352 126 Ft;2926;17 614 Ft;98710;1 015 Ft;13;14;39;81;87
2007;29;2007.07.21.;0;0 Ft;68;703 781 Ft;3889;13 030 Ft;95594;1 031 Ft;20;41;44;68;71
2007;28;2007.07.14.;0;0 Ft;51;1 119 545 Ft;3623;16 687 Ft;107998;1 088 Ft;24;56;73;89;90
2007;27;2007.07.07.;0;0 Ft;33;1 460 357 Ft;3848;13 261 Ft;116890;849 Ft;21;24;26;35;71
2007;26;2007.06.30.;0;0 Ft;19;2 414 215 Ft;2624;18 509 Ft;82591;1 143 Ft;9;62;69;83;90
2007;25;2007.06.23.;0;0 Ft;48;925 458 Ft;4383;10 731 Ft;106612;858 Ft;10;16;25;36;56
2007;24;2007.06.16.;0;0 Ft;74;583 295 Ft;5138;8 895 Ft;120870;735 Ft;19;29;47;54;83
2007;23;2007.06.09.;0;0 Ft;23;2 023 044 Ft;2534;19 442 Ft;74456;1 287 Ft;31;44;71;73;82
2007;22;2007.06.02.;0;0 Ft;51;831 385 Ft;2841;15 802 Ft;84122;1 038 Ft;11;24;42;59;78
2007;21;2007.05.26.;0;0 Ft;31;1 370 324 Ft;3176;14 162 Ft;89520;977 Ft;1;6;18;35;79
2007;20;2007.05.19.;0;0 Ft;9;4 812 880 Ft;1337;34 304 Ft;52834;1 688 Ft;46;65;75;84;85
2007;19;2007.05.12.;1;84 530 477 Ft;73;656 173 Ft;4008;12 654 Ft;106007;930 Ft;52;54;72;77;83
2007;18;2007.05.05.;1;429 213 160 Ft;88;517 745 Ft;5761;8 374 Ft;129849;722 Ft;9;14;21;55;77
2007;17;2007.04.28.;0;0 Ft;66;707 078 Ft;5257;9 399 Ft;117014;821 Ft;21;41;45;49;63
2007;16;2007.04.21.;0;0 Ft;52;896 338 Ft;4403;11 209 Ft;114730;836 Ft;3;10;14;30;63
2007;15;2007.04.14.;0;0 Ft;34;1 588 912 Ft;2749;20 808 Ft;87245;1 275 Ft;14;30;47;58;77
2007;14;2007.04.07.;0;0 Ft;44;1 144 533 Ft;3204;16 642 Ft;91193;1 137 Ft;14;20;30;55;75
2007;13;2007.03.31.;1;1 789 757 064 Ft;65;912 047 Ft;6230;10 075 Ft;156797;778 Ft;7;49;63;64;72
2007;12;2007.03.24.;0;0 Ft;50;1 207 456 Ft;4971;12 859 Ft;139190;893 Ft;13;49;66;75;79
2007;11;2007.03.17.;0;0 Ft;43;1 359 511 Ft;4101;15 093 Ft;112208;1 073 Ft;22;39;49;60;70
2007;10;2007.03.10.;0;0 Ft;60;1 160 502 Ft;4787;15 401 Ft;146743;977 Ft;11;24;38;39;81
2007;9;2007.03.03.;0;0 Ft;34;1 776 073 Ft;3842;16 642 Ft;110995;1 120 Ft;18;36;65;79;89
2007;8;2007.02.24.;0;0 Ft;129;463 369 Ft;7240;8 742 Ft;163527;753 Ft;8;13;39;43;63
2007;7;2007.02.17.;0;0 Ft;29;2 043 437 Ft;2434;25 779 Ft;84644;1 441 Ft;16;22;62;79;90
2007;6;2007.02.10.;0;0 Ft;21;3 025 314 Ft;3576;18 811 Ft;116052;1 127 Ft;1;8;34;74;86
2007;5;2007.02.03.;0;0 Ft;19;2 890 344 Ft;2888;20 134 Ft;97533;1 159 Ft;14;23;72;85;86
2007;4;2007.01.27.;0;0 Ft;31;1 726 677 Ft;3162;17 924 Ft;95552;1 153 Ft;2;32;47;61;67
2007;3;2007.01.20.;0;0 Ft;17;3 132 251 Ft;2447;23 041 Ft;89002;1 232 Ft;16;43;56;57;86
2007;2;2007.01.13.;0;0 Ft;32;1 802 254 Ft;2860;21 351 Ft;93349;1 272 Ft;45;54;79;81;82
2007;1;2007.01.06.;0;0 Ft;47;1 072 455 Ft;5174;10 315 Ft;127742;812 Ft;27;36;37;55;57
2006;52;2006.12.30.;0;0 Ft;42;1 203 160 Ft;3933;13 604 Ft;119171;873 Ft;5;21;35;62;76
2006;51;2006.12.23.;0;0 Ft;28;1 800 231 Ft;3056;17 465 Ft;104492;993 Ft;52;54;65;72;88
2006;50;2006.12.16.;0;0 Ft;26;1 825 629 Ft;3070;16 371 Ft;91796;1 065 Ft;14;41;48;50;52
2006;49;2006.12.10.;0;0 Ft;38;1 276 003 Ft;3599;14 265 Ft;100902;989 Ft;4;27;29;74;85
2006;48;2006.12.02.;0;0 Ft;31;1 504 369 Ft;2485;19 871 Ft;74811;1 283 Ft;20;25;31;60;79
2006;47;2006.11.25.;2;134 343 194 Ft;242;201 313 Ft;12412;4 156 Ft;200180;501 Ft;5;13;21;27;81
2006;46;2006.11.18.;0;0 Ft;40;1 231 246 Ft;3454;15 098 Ft;97289;1 042 Ft;14;27;40;52;74
2006;45;2006.11.11.;0;0 Ft;97;559 671 Ft;3869;14 857 Ft;102290;1 093 Ft;25;42;48;73;87
2006;44;2006.11.05.;1;1 546 847 144 Ft;78;781 565 Ft;5468;11 805 Ft;138274;908 Ft;15;17;37;48;57
2006;43;2006.10.28.;0;0 Ft;36;1 621 725 Ft;4009;15 419 Ft;123345;974 Ft;5;24;30;44;57
2006;42;2006.10.21.;0;0 Ft;62;995 998 Ft;4690;13 941 Ft;126333;1 006 Ft;1;6;14;18;88
2006;41;2006.10.14.;0;0 Ft;33;2 039 782 Ft;3987;17 876 Ft;128189;1 081 Ft;3;39;40;82;83
2006;40;2006.10.07.;0;0 Ft;30;1 905 864 Ft;3388;17 869 Ft;100743;1 168 Ft;25;38;40;55;76
2006;39;2006.09.30.;0;0 Ft;17;3 181 564 Ft;2694;21 258 Ft;94588;1 177 Ft;11;12;35;61;76
2006;38;2006.09.23.;0;0 Ft;37;1 378 791 Ft;3814;14 163 Ft;112984;930 Ft;13;37;51;59;61
2006;37;2006.09.16.;0;0 Ft;97;510 164 Ft;6755;7 757 Ft;150886;675 Ft;19;21;42;73;87
2006;36;2006.09.09.;0;0 Ft;43;1 202 701 Ft;3645;15 023 Ft;107390;991 Ft;4;12;45;65;66
2006;35;2006.09.02.;0;0 Ft;20;2 425 292 Ft;3263;15 740 Ft;94713;1 054 Ft;17;38;39;55;85
2006;34;2006.08.26.;0;0 Ft;43;1 124 985 Ft;3214;15 936 Ft;94780;1 051 Ft;16;35;54;65;68
2006;33;2006.08.19.;0;0 Ft;20;2 411 784 Ft;2808;18 188 Ft;97524;1 018 Ft;17;18;66;73;90
2006;32;2006.08.12.;0;0 Ft;40;1 353 964 Ft;3139;18 268 Ft;95617;1 166 Ft;15;22;63;81;89
2006;31;2006.08.05.;0;0 Ft;25;1 930 242 Ft;2872;17 791 Ft;95812;1 037 Ft;13;16;46;65;69
2006;30;2006.07.29.;0;0 Ft;20;2 320 773 Ft;1846;26 623 Ft;66151;1 445 Ft;34;45;76;77;83
2006;29;2006.07.22.;0;0 Ft;26;1 804 312 Ft;2123;23 397 Ft;74157;1 302 Ft;36;44;47;83;89
2006;28;2006.07.15.;1;94 633 831 Ft;56;957 604 Ft;4221;13 452 Ft;112900;978 Ft;2;15;29;73;75
2006;27;2006.07.08.;2;911 493 796 Ft;93;701 457 Ft;7849;8 800 Ft;189884;707 Ft;4;17;19;53;61
2006;26;2006.07.01.;0;0 Ft;26;2 260 633 Ft;2825;22 030 Ft;98918;1 223 Ft;11;62;69;74;90
2006;25;2006.06.24.;0;0 Ft;65;920 223 Ft;4486;14 118 Ft;114646;1 074 Ft;38;49;73;78;83
2006;24;2006.06.17.;0;0 Ft;54;1 192 977 Ft;5389;12 657 Ft;144353;919 Ft;11;17;69;71;80
2006;23;2006.06.10.;0;0 Ft;34;1 959 493 Ft;3111;22 675 Ft;110744;1 239 Ft;1;29;34;73;88
2006;22;2006.06.03.;0;0 Ft;56;1 129 369 Ft;4507;14 858 Ft;126274;1 031 Ft;15;28;35;65;73
2006;21;2006.05.27.;0;0 Ft;60;1 010 486 Ft;5038;12 742 Ft;139783;893 Ft;9;22;55;70;79
2006;20;2006.05.20.;0;0 Ft;61;979 885 Ft;4560;13 879 Ft;126388;974 Ft;10;24;51;57;76
2006;19;2006.05.13.;0;0 Ft;53;1 114 438 Ft;5589;11 190 Ft;138606;877 Ft;12;22;28;56;60
2006;18;2006.05.06.;0;0 Ft;88;596 590 Ft;5305;10 478 Ft;123007;879 Ft;15;23;34;44;67
2006;17;2006.04.29.;0;0 Ft;144;364 445 Ft;9990;5 562 Ft;202010;535 Ft;8;11;13;21;43
2006;16;2006.04.22.;0;0 Ft;38;1 362 566 Ft;4063;13 493 Ft;122479;870 Ft;3;10;66;69;82
2006;15;2006.04.15.;0;0 Ft;102;570 669 Ft;6926;8 899 Ft;155098;773 Ft;24;28;34;49;56
2006;14;2006.04.08.;0;0 Ft;23;2 180 319 Ft;2968;17 890 Ft;96136;1 074 Ft;9;29;38;80;86
2006;13;2006.04.01.;0;0 Ft;42;1 179 620 Ft;2999;17 492 Ft;88524;1 152 Ft;8;46;56;79;84
2006;12;2006.03.25.;0;0 Ft;38;1 334 812 Ft;3652;14 706 Ft;108930;959 Ft;13;35;61;64;66
2006;11;2006.03.18.;0;0 Ft;20;2 587 932 Ft;2716;20 178 Ft;87214;1 222 Ft;50;53;63;79;86
2006;10;2006.03.11.;0;0 Ft;48;1 214 702 Ft;4331;14 254 Ft;125343;958 Ft;9;33;61;72;90
2006;9;2006.03.04.;1;1 073 599 437 Ft;31;2 135 911 Ft;2842;24 669 Ft;97864;1 393 Ft;44;71;73;76;84
2006;8;2006.02.25.;0;0 Ft;61;1 061 661 Ft;6575;10 429 Ft;181208;736 Ft;3;7;8;16;59
2006;7;2006.02.18.;0;0 Ft;36;1 710 203 Ft;4351;14 983 Ft;135550;935 Ft;19;27;40;80;87
2006;6;2006.02.11.;0;0 Ft;46;1 441 784 Ft;4362;16 099 Ft;141122;968 Ft;52;55;56;64;81
2006;5;2006.02.04.;0;0 Ft;56;1 045 827 Ft;5273;11 760 Ft;138944;868 Ft;21;45;52;69;83
2006;4;2006.01.28.;0;0 Ft;23;2 470 015 Ft;3232;18 611 Ft;115964;1 009 Ft;13;63;65;66;74
2006;3;2006.01.21.;0;0 Ft;47;1 197 263 Ft;4965;12 000 Ft;137083;845 Ft;1;33;49;56;69
2006;2;2006.01.14.;0;0 Ft;20;3 319 413 Ft;3160;22 245 Ft;121127;1 128 Ft;35;36;42;47;60
2006;1;2006.01.07.;0;0 Ft;137;376 287 Ft;9573;5 702 Ft;186340;570 Ft;5;19;21;44;69
2005;52;2006.01.01.;0;0 Ft;58;1 033 130 Ft;5835;10 873 Ft;148393;831 Ft;13;35;39;42;58
2005;51;2005.12.25.;2;339 642 176 Ft;111;513 296 Ft;6335;9 523 Ft;153470;764 Ft;6;19;31;72;81
2005;50;2005.12.17.;0;0 Ft;81;683 050 Ft;5558;10 540 Ft;149275;763 Ft;3;18;19;60;79
2005;49;2005.12.10.;0;0 Ft;68;922 796 Ft;4903;13 551 Ft;140386;920 Ft;7;11;16;50;86
2005;48;2005.12.03.;0;0 Ft;35;1 491 746 Ft;3171;17 434 Ft;98070;1 096 Ft;38;45;56;63;78
2005;47;2005.11.26.;0;0 Ft;26;1 990 879 Ft;2404;22 799 Ft;86685;1 229 Ft;5;30;72;87;88
2005;46;2005.11.19.;0;0 Ft;39;1 360 787 Ft;4135;13 589 Ft;117334;931 Ft;5;14;15;56;79
2005;45;2005.11.12.;0;0 Ft;20;2 641 504 Ft;2408;23 230 Ft;88631;1 227 Ft;36;40;52;79;80
2005;44;2005.11.05.;1;2 056 228 524 Ft;53;1 504 755 Ft;5972;14 140 Ft;167352;981 Ft;15;22;28;41;57
2005;43;2005.10.29.;0;0 Ft;60;1 233 572 Ft;5705;13 737 Ft;169275;900 Ft;33;37;40;51;52
2005;42;2005.10.22.;0;0 Ft;49;1 456 312 Ft;4632;16 312 Ft;143476;1 024 Ft;4;51;66;74;83
2005;41;2005.10.15.;0;0 Ft;44;1 698 490 Ft;4022;19 674 Ft;128606;1 196 Ft;34;44;55;62;75
2005;40;2005.10.08.;0;0 Ft;90;755 853 Ft;8166;8 821 Ft;193470;724 Ft;3;19;50;59;70
2005;39;2005.10.01.;0;0 Ft;64;998 542 Ft;4262;15 877 Ft;120053;1 096 Ft;31;44;55;67;73
2005;38;2005.09.24.;0;0 Ft;49;1 257 213 Ft;4406;14 804 Ft;126948;999 Ft;8;36;44;55;76
2005;37;2005.09.17.;0;0 Ft;53;1 211 014 Ft;5131;13 245 Ft;138267;956 Ft;3;33;53;60;61
2005;36;2005.09.10.;0;0 Ft;73;952 422 Ft;5364;13 724 Ft;142690;1 003 Ft;4;16;22;48;88
2005;35;2005.09.03.;0;0 Ft;27;2 171 534 Ft;3350;18 531 Ft;120613;1 001 Ft;17;18;40;42;58
2005;34;2005.08.27.;0;0 Ft;56;981 708 Ft;3692;15 766 Ft;109171;1 037 Ft;4;32;34;36;78
2005;33;2005.08.20.;0;0 Ft;49;1 096 754 Ft;3728;15 263 Ft;105647;1 047 Ft;22;32;51;75;83
2005;32;2005.08.13.;0;0 Ft;77;846 824 Ft;5791;11 922 Ft;141285;950 Ft;2;9;28;30;78
2005;31;2005.08.06.;0;0 Ft;59;914 052 Ft;4254;13 423 Ft;118431;938 Ft;3;31;39;73;81
2005;30;2005.07.30.;0;0 Ft;50;976 179 Ft;3861;13 385 Ft;106888;940 Ft;6;15;36;38;75
2005;29;2005.07.23.;0;0 Ft;29;1 732 762 Ft;3148;16 902 Ft;106835;968 Ft;11;12;28;64;81
2005;28;2005.07.16.;0;0 Ft;73;697 490 Ft;5606;9 617 Ft;136804;766 Ft;4;10;37;42;51
2005;27;2005.07.09.;0;0 Ft;34;1 516 138 Ft;3149;17 333 Ft;95415;1 112 Ft;12;17;45;59;75
2005;26;2005.07.02.;0;0 Ft;54;927 452 Ft;4043;13 116 Ft;107470;959 Ft;17;24;47;68;84
2005;25;2005.06.25.;1;89 147 992 Ft;91;555 134 Ft;6173;8 665 Ft;139374;746 Ft;7;24;36;57;70
2005;24;2005.06.18.;1;2 302 041 279 Ft;111;748 834 Ft;6173;14 257 Ft;169335;1 011 Ft;18;35;56;88;90
2005;23;2005.06.11.;0;0 Ft;83;981 261 Ft;6862;12 567 Ft;186297;900 Ft;4;29;33;44;73
2005;22;2005.06.04.;0;0 Ft;91;894 707 Ft;6720;12 829 Ft;178567;939 Ft;27;36;57;71;86
2005;21;2005.05.28.;0;0 Ft;38;1 950 288 Ft;3976;19 736 Ft;151102;1 010 Ft;7;8;69;80;84
2005;20;2005.05.21.;0;0 Ft;32;2 324 890 Ft;4455;17 682 Ft;141276;1 084 Ft;14;16;32;53;54
2005;19;2005.05.14.;0;0 Ft;61;1 396 715 Ft;4380;20 596 Ft;150079;1 169 Ft;1;6;62;72;75
2005;18;2005.05.07.;0;0 Ft;33;2 115 983 Ft;3197;23 126 Ft;101145;1 421 Ft;41;50;80;83;85
2005;17;2005.04.30.;0;0 Ft;29;2 310 571 Ft;2773;25 585 Ft;97906;1 409 Ft;41;47;77;82;84
2005;16;2005.04.23.;0;0 Ft;76;889 731 Ft;6220;11 511 Ft;179527;775 Ft;3;4;25;29;65
2005;15;2005.04.16.;0;0 Ft;44;1 502 924 Ft;4555;15 372 Ft;131548;1 035 Ft;37;50;69;77;81
2005;14;2005.04.09.;0;0 Ft;82;900 543 Ft;6823;11 460 Ft;177600;856 Ft;9;27;59;72;74
2005;13;2005.04.02.;0;0 Ft;32;1 785 254 Ft;2836;21 329 Ft;85914;1 369 Ft;16;20;41;59;60
2005;12;2005.03.26.;0;0 Ft;86;681 721 Ft;6785;9 149 Ft;159856;755 Ft;2;19;63;72;82
2005;11;2005.03.19.;0;0 Ft;57;1 046 490 Ft;4801;13 155 Ft;129867;946 Ft;21;29;58;62;71
2005;10;2005.03.12.;0;0 Ft;56;935 340 Ft;4178;13 274 Ft;133234;809 Ft;2;16;36;37;72
2005;9;2005.03.05.;0;0 Ft;64;788 540 Ft;5313;10 057 Ft;146508;709 Ft;19;37;49;86;89
2005;8;2005.02.26.;0;0 Ft;59;827 712 Ft;5489;9 420 Ft;140639;715 Ft;8;27;28;33;58
2005;7;2005.02.19.;0;0 Ft;70;711 232 Ft;4424;11 916 Ft;122213;839 Ft;9;20;47;50;78
2005;6;2005.02.12.;0;0 Ft;42;1 284 071 Ft;4217;13 541 Ft;124483;892 Ft;14;30;32;37;67
2005;5;2005.02.05.;0;0 Ft;31;1 598 995 Ft;2672;19 642 Ft;87657;1 164 Ft;31;32;54;76;89
2005;4;2005.01.29.;1;1 369 312 001 Ft;73;962 618 Ft;6942;10 718 Ft;201039;720 Ft;2;8;37;38;54
2005;3;2005.01.22.;0;0 Ft;41;1 714 498 Ft;5365;13 873 Ft;147349;982 Ft;30;33;40;55;88
2005;2;2005.01.15.;0;0 Ft;37;1 856 894 Ft;4474;16 260 Ft;144993;976 Ft;22;66;67;87;89
2005;1;2005.01.08.;0;0 Ft;35;2 192 217 Ft;4300;18 893 Ft;121471;1 300 Ft;30;42;60;75;80
2004;53;2005.01.01.;0;0 Ft;30;1 964 731 Ft;4306;14 494 Ft;145152;836 Ft;38;55;65;66;67
2004;52;2004.12.25.;0;0 Ft;65;815 566 Ft;5391;10 412 Ft;131580;829 Ft;24;48;50;55;80
2004;51;2004.12.18.;0;0 Ft;52;1 019 275 Ft;5170;10 855 Ft;142182;767 Ft;8;11;17;45;81
2004;50;2004.12.11.;0;0 Ft;16;3 885 553 Ft;2036;32 331 Ft;83865;1 526 Ft;16;60;65;77;78
2004;49;2004.12.04.;0;0 Ft;84;591 444 Ft;6212;8 468 Ft;165392;618 Ft;11;13;22;38;47
2004;48;2004.11.27.;0;0 Ft;26;1 800 108 Ft;2917;16 989 Ft;94685;1 018 Ft;49;61;66;69;75
2004;47;2004.11.20.;0;0 Ft;49;930 867 Ft;4367;11 059 Ft;119355;787 Ft;27;29;34;37;59
2004;46;2004.11.13.;0;0 Ft;41;1 200 337 Ft;3476;14 991 Ft;105445;961 Ft;23;47;61;69;82
2004;45;2004.11.06.;0;0 Ft;27;1 656 751 Ft;2760;17 161 Ft;88481;1 041 Ft;28;38;47;62;79
2004;44;;0;0 Ft;27;1 636 218 Ft;2770;16 887 Ft;101002;901 Ft;56;67;72;75;80
2004;43;;1;152 800 684 Ft;22;1 837 280 Ft;2513;17 031 Ft;82727;1 006 Ft;1;27;29;74;78
2004;42;;0;0 Ft;55;839 398 Ft;4156;11 762 Ft;137612;691 Ft;7;10;53;56;61
2004;41;;1;1 720 814 058 Ft;110;590 234 Ft;8133;8 453 Ft;205709;650 Ft;2;5;17;36;73
2004;40;;0;0 Ft;25;2 422 732 Ft;3264;19 648 Ft;108176;1 153 Ft;31;32;44;68;75
2004;39;;0;0 Ft;58;1 020 464 Ft;5007;12 516 Ft;145954;835 Ft;18;27;31;38;44
2004;38;;0;0 Ft;42;1 390 581 Ft;4525;13 666 Ft;145746;825 Ft;12;26;69;70;71
2004;37;;0;0 Ft;17;3 280 839 Ft;2255;26 189 Ft;90715;1 266 Ft;6;75;82;83;86
2004;36;;0;0 Ft;34;1 528 863 Ft;3340;16 479 Ft;112526;951 Ft;1;32;33;40;69
2004;35;;0;0 Ft;36;1 384 883 Ft;3568;14 795 Ft;107582;954 Ft;16;38;48;56;60
2004;34;;0;0 Ft;39;1 232 818 Ft;3496;14 562 Ft;105175;941 Ft;7;44;46;77;83
2004;33;;0;0 Ft;55;1 030 428 Ft;5244;11 443 Ft;131244;889 Ft;26;43;57;64;71
2004;32;;0;0 Ft;38;1 232 714 Ft;3901;12 714 Ft;104362;924 Ft;6;25;32;43;82
2004;31;;0;0 Ft;95;495 353 Ft;5390;9 244 Ft;122860;789 Ft;18;26;49;68;76
2004;30;;0;0 Ft;77;582 106 Ft;5092;9 320 Ft;127695;723 Ft;9;23;37;40;83
2004;29;;0;0 Ft;48;967 228 Ft;3490;14 085 Ft;104357;916 Ft;10;27;32;59;75
2004;28;;0;0 Ft;28;1 876 366 Ft;3473;16 017 Ft;100369;1 078 Ft;33;55;62;86;88
2004;27;;0;0 Ft;32;1 429 321 Ft;3595;13 471 Ft;110359;853 Ft;11;26;35;51;85
2004;26;;0;0 Ft;42;1 088 626 Ft;3745;12 927 Ft;106843;881 Ft;39;43;51;63;77
2004;25;;0;0 Ft;44;1 041 733 Ft;5247;9 250 Ft;133402;707 Ft;9;29;37;52;65
2004;24;;0;0 Ft;69;748 193 Ft;6066;9 011 Ft;155956;682 Ft;4;19;38;40;60
2004;23;;4;250 904 037 Ft;251;239 746 Ft;11537;5 523 Ft;221828;559 Ft;10;21;49;56;67
2004;22;;0;0 Ft;102;537 020 Ft;6460;8 978 Ft;155261;726 Ft;1;24;49;67;71
2004;21;;0;0 Ft;84;631 313 Ft;6080;9 235 Ft;149401;731 Ft;2;11;25;32;67
2004;20;;0;0 Ft;34;1 692 297 Ft;3583;17 003 Ft;121552;975 Ft;22;30;34;39;75
2004;19;;0;0 Ft;37;1 494 730 Ft;4420;13 248 Ft;132184;861 Ft;2;18;32;55;59
2004;18;;0;0 Ft;35;1 359 743 Ft;3206;15 718 Ft;96279;1 018 Ft;28;33;65;86;88
2004;17;;0;0 Ft;36;1 349 861 Ft;3564;14 437 Ft;108201;925 Ft;6;29;58;71;81
2004;16;;0;0 Ft;69;674 281 Ft;4361;11 296 Ft;111911;856 Ft;12;35;41;44;73
2004;15;;0;0 Ft;48;1 087 053 Ft;5422;10 190 Ft;153150;701 Ft;19;20;28;63;89
2004;14;;0;0 Ft;57;809 586 Ft;3950;12 370 Ft;105711;899 Ft;10;23;47;58;84
2004;13;;0;0 Ft;35;1 338 675 Ft;3042;16 308 Ft;97214;992 Ft;5;40;66;81;87
2004;12;;1;760 014 220 Ft;21;2 487 212 Ft;2861;19 330 Ft;105749;1 017 Ft;24;38;45;48;89
2004;11;;0;0 Ft;36;1 573 560 Ft;4035;14 865 Ft;120058;971 Ft;27;31;41;49;60
2004;10;;0;0 Ft;47;1 266 278 Ft;4233;14 887 Ft;135283;906 Ft;1;6;27;40;58
2004;9;;0;0 Ft;57;874 845 Ft;5236;10 084 Ft;144818;709 Ft;13;36;53;59;75
2004;8;;0;0 Ft;86;596 969 Ft;5176;10 502 Ft;127255;831 Ft;38;47;49;58;69
2004;7;;0;0 Ft;46;1 410 540 Ft;4277;16 063 Ft;137948;968 Ft;36;46;55;59;72
2004;6;;0;0 Ft;18;2 723 936 Ft;2981;17 415 Ft;113920;886 Ft;13;70;72;76;78
2004;5;;0;0 Ft;16;2 947 428 Ft;2101;23 766 Ft;80409;1 207 Ft;30;42;61;65;66
2004;4;;1;84 189 343 Ft;41;1 163 593 Ft;3279;15 405 Ft;104891;936 Ft;22;36;40;55;61
2004;3;;1;185 978 722 Ft;55;919 350 Ft;3808;14 060 Ft;111223;936 Ft;20;33;51;76;79
2004;2;;0;0 Ft;122;449 374 Ft;7834;7 410 Ft;171519;658 Ft;8;13;47;56;85
2004;1;;2;245 247 361 Ft;55;976 161 Ft;5866;9 691 Ft;152979;723 Ft;11;20;27;32;55
2003;52;;0;0 Ft;52;971 179 Ft;4534;11 794 Ft;127803;814 Ft;11;24;34;64;89
2003;51;;0;0 Ft;58;973 308 Ft;6169;9 689 Ft;173955;668 Ft;9;20;21;59;68
2003;50;;0;0 Ft;46;1 256 905 Ft;4816;12 712 Ft;141830;839 Ft;12;26;36;46;49
2003;49;;0;0 Ft;58;1 025 643 Ft;5186;12 145 Ft;146645;835 Ft;24;31;67;71;73
2003;48;;1;5 092 890 758 Ft;64;2 120 348 Ft;8276;17 362 Ft;281227;993 Ft;4;15;46;49;59
2003;47;;0;0 Ft;164;821 067 Ft;14324;9 954 Ft;372078;745 Ft;1;4;8;69;74
2003;46;;0;0 Ft;118;1 119 028 Ft;9853;14 190 Ft;290726;935 Ft;12;28;34;61;70
2003;45;;0;0 Ft;134;975 490 Ft;14306;9 675 Ft;384173;701 Ft;24;33;34;39;54
2003;44;;0;0 Ft;80;1 534 877 Ft;8428;15 426 Ft;284580;888 Ft;23;25;28;66;76
2003;43;;0;0 Ft;106;1 088 922 Ft;10678;11 446 Ft;308689;770 Ft;3;14;24;73;83
2003;42;;0;0 Ft;69;1 696 994 Ft;8612;14 396 Ft;292297;825 Ft;13;40;55;56;76
2003;41;;0;0 Ft;79;1 420 873 Ft;6327;18 785 Ft;207315;1 115 Ft;32;45;55;70;78
2003;40;;0;0 Ft;42;2 551 094 Ft;3882;29 224 Ft;154094;1 432 Ft;59;68;75;80;85
2003;39;;0;0 Ft;146;677 360 Ft;11632;9 002 Ft;297169;685 Ft;20;22;23;50;67
2003;38;;0;0 Ft;25;3 615 384 Ft;3510;27 265 Ft;130584;1 425 Ft;16;30;81;83;87
2003;37;;0;0 Ft;73;1 278 467 Ft;8365;11 813 Ft;223126;861 Ft;20;40;52;54;90
2003;36;;0;0 Ft;92;891 056 Ft;8079;10 744 Ft;225492;748 Ft;7;24;25;50;76
2003;35;;0;0 Ft;39;2 059 487 Ft;4955;17 163 Ft;150937;1 096 Ft;10;29;60;74;86
2003;34;;0;0 Ft;43;1 745 718 Ft;5511;14 422 Ft;162596;950 Ft;25;28;45;55;74
2003;33;;0;0 Ft;120;633 164 Ft;9835;8 180 Ft;243351;643 Ft;7;12;18;38;90
2003;32;;0;0 Ft;106;682 392 Ft;8163;9 382 Ft;198478;750 Ft;6;24;25;53;79
2003;31;;0;0 Ft;38;1 757 528 Ft;4809;14 705 Ft;165829;829 Ft;17;18;28;35;90
2003;30;;0;0 Ft;50;1 297 657 Ft;5079;13 526 Ft;150119;890 Ft;7;29;30;77;80
2003;29;;0;0 Ft;56;1 142 344 Ft;5755;11 770 Ft;185659;709 Ft;17;18;51;52;75
2003;28;;0;0 Ft;59;1 178 863 Ft;4823;15 269 Ft;145445;985 Ft;4;56;74;77;89
2003;27;;0;0 Ft;65;1 002 377 Ft;6124;11 265 Ft;172442;778 Ft;23;33;34;71;89
2003;26;;0;0 Ft;86;664 217 Ft;5565;10 868 Ft;142172;827 Ft;1;5;22;44;88
2003;25;;0;0 Ft;32;1 868 215 Ft;4310;14 687 Ft;126909;970 Ft;2;6;47;74;80
2003;24;;0;0 Ft;55;1 159 443 Ft;5934;11 379 Ft;169368;775 Ft;7;37;40;46;51
2003;23;;0;0 Ft;58;931 990 Ft;4778;11 979 Ft;136368;816 Ft;7;20;35;58;83
2003;22;;0;0 Ft;14;3 341 546 Ft;1701;29 120 Ft;65826;1 463 Ft;1;45;60;61;82
2003;21;;0;0 Ft;22;2 102 231 Ft;2747;17 827 Ft;94993;1 002 Ft;25;35;37;74;86
2003;20;;0;0 Ft;31;1 444 047 Ft;2863;16 556 Ft;84025;1 097 Ft;32;41;59;66;79
2003;19;;0;0 Ft;79;592 941 Ft;5275;9 402 Ft;123818;779 Ft;18;38;41;67;89
2003;18;;0;0 Ft;6;6 420 801 Ft;1505;27 104 Ft;64751;1 225 Ft;55;56;58;61;71
2003;17;;0;0 Ft;47;802 989 Ft;3291;12 142 Ft;82904;937 Ft;20;32;43;65;73
2003;16;;0;0 Ft;9;4 421 557 Ft;1557;27 062 Ft;54533;1 502 Ft;46;50;58;62;76
2003;15;;0;0 Ft;16;2 184 431 Ft;2600;14 233 Ft;91281;788 Ft;12;60;66;67;72
2003;14;;0;0 Ft;14;2 434 097 Ft;2323;15 532 Ft;77530;905 Ft;17;60;66;71;85
2003;13;;0;0 Ft;63;530 143 Ft;4597;7 693 Ft;108049;636 Ft;4;23;42;61;64
2003;12;;0;0 Ft;37;937 168 Ft;3348;10 966 Ft;92055;776 Ft;23;31;42;73;85
2003;11;;0;0 Ft;78;404 442 Ft;7056;4 734 Ft;149441;435 Ft;3;21;28;30;33
2003;10;;0;0 Ft;47;756 346 Ft;3363;11 192 Ft;97148;753 Ft;2;23;65;71;84
2003;9;;1;129 687 255 Ft;42;870 474 Ft;4722;8 198 Ft;116823;644 Ft;13;33;73;77;78
2003;8;;0;0 Ft;38;971 830 Ft;3799;10 293 Ft;112552;676 Ft;10;21;29;40;87
2003;7;;1;549 529 048 Ft;101;430 324 Ft;6583;6 991 Ft;161223;555 Ft;21;29;37;48;68
2003;6;;0;0 Ft;136;292 072 Ft;10380;4 052 Ft;185016;442 Ft;7;21;33;39;86
2003;5;;0;0 Ft;20;1 974 919 Ft;2130;19 635 Ft;88906;915 Ft;54;56;57;59;71
2003;4;;0;0 Ft;23;1 781 663 Ft;3920;11 069 Ft;111486;757 Ft;1;28;47;56;70
2003;3;;0;0 Ft;75;573 238 Ft;5437;8 373 Ft;131618;673 Ft;5;12;31;53;60
2003;2;;0;0 Ft;77;711 796 Ft;5600;10 363 Ft;155374;726 Ft;18;42;54;83;89
2003;1;;0;0 Ft;27;1 681 636 Ft;2998;16 036 Ft;98912;945 Ft;37;42;44;61;62
2002;52;;1;2 971 005 678 Ft;218;502 277 Ft;14823;7 821 Ft;388417;580 Ft;3;17;20;37;40
2002;51;;0;0 Ft;145;894 799 Ft;12308;9 785 Ft;313289;747 Ft;33;42;50;69;85
2002;50;;0;0 Ft;69;1 895 356 Ft;9042;15 314 Ft;373885;720 Ft;2;3;53;60;69
2002;49;;0;0 Ft;111;1 167 479 Ft;11453;10 501 Ft;346311;675 Ft;17;18;33;41;59
2002;48;;0;0 Ft;116;983 307 Ft;9626;12 547 Ft;283504;828 Ft;22;26;43;74;81
2002;47;;0;0 Ft;187;620 065 Ft;17104;7 178 Ft;432506;552 Ft;3;5;13;60;88
2002;46;;0;0 Ft;121;920 004 Ft;10240;11 511 Ft;279582;820 Ft;14;26;48;71;85
2002;45;;0;0 Ft;106;940 378 Ft;10633;9 926 Ft;277295;740 Ft;15;20;25;47;66
2002;44;;0;0 Ft;242;326 916 Ft;13954;6 003 Ft;307361;530 Ft;5;21;43;52;64
2002;43;;0;0 Ft;70;875 685 Ft;6780;9 573 Ft;181660;695 Ft;8;25;64;72;79
2002;42;;0;0 Ft;153;328 654 Ft;8912;5 974 Ft;189072;548 Ft;8;17;35;49;67
2002;41;;0;0 Ft;55;818 487 Ft;4469;10 666 Ft;129990;713 Ft;11;24;34;41;87
2002;40;;0;0 Ft;84;443 519 Ft;5267;7 489 Ft;129805;591 Ft;12;21;42;43;65
2002;39;;0;0 Ft;30;1 166 160 Ft;2962;12 506 Ft;95442;755 Ft;20;21;41;62;77
2002;38;;0;0 Ft;56;623 721 Ft;4210;8 785 Ft;110061;653 Ft;11;37;40;52;73
2002;37;;0;0 Ft;39;1 086 030 Ft;4169;10 757 Ft;118102;738 Ft;23;24;51;59;78
2002;36;;0;0 Ft;36;891 021 Ft;3525;9 635 Ft;106585;620 Ft;13;15;16;28;54
2002;35;;0;0 Ft;20;1 550 720 Ft;2263;14 511 Ft;80205;796 Ft;11;12;18;76;79
2002;34;;0;0 Ft;27;1 117 735 Ft;1990;16 057 Ft;63315;981 Ft;39;58;61;62;71
2002;33;;0;0 Ft;10;3 117 931 Ft;1874;17 617 Ft;71727;895 Ft;52;55;60;67;81
2002;32;;0;0 Ft;98;316 451 Ft;6931;4 738 Ft;138853;460 Ft;3;10;27;36;56
2002;31;;0;0 Ft;27;1 124 705 Ft;3356;9 581 Ft;90925;688 Ft;9;28;56;87;90
2002;30;;0;0 Ft;34;889 399 Ft;2330;13 742 Ft;68179;913 Ft;41;47;59;71;74
2002;29;;0;0 Ft;29;1 011 594 Ft;2343;13 257 Ft;67688;892 Ft;6;11;30;78;80
2002;28;;0;0 Ft;30;960 228 Ft;2622;11 633 Ft;75571;785 Ft;10;16;47;67;70
2002;27;;0;0 Ft;74;387 822 Ft;4812;6 315 Ft;110451;535 Ft;6;19;47;52;85
2002;26;;0;0 Ft;30;959 485 Ft;2318;13 148 Ft;75105;789 Ft;5;30;32;49;79
2002;25;;0;0 Ft;13;2 176 771 Ft;2158;13 884 Ft;72631;802 Ft;6;56;71;81;85
2002;24;;0;0 Ft;61;487 092 Ft;4275;7 359 Ft;97485;628 Ft;1;17;37;49;68
2002;23;;1;60 598 367 Ft;48;715 397 Ft;4015;9 056 Ft;104157;679 Ft;3;25;51;80;86
2002;22;;1;667 790 361 Ft;28;1 354 788 Ft;2326;17 268 Ft;85709;911 Ft;15;37;39;80;81
2002;21;;0;0 Ft;52;702 182 Ft;4014;9 632 Ft;105049;716 Ft;27;31;54;66;76
2002;20;;0;0 Ft;25;1 436 103 Ft;2400;15 839 Ft;79889;925 Ft;28;38;65;77;90
2002;19;;0;0 Ft;37;969 469 Ft;2831;13 416 Ft;95195;776 Ft;6;33;43;73;74
2002;18;;0;0 Ft;23;1 487 384 Ft;2794;12 964 Ft;89238;789 Ft;1;37;41;72;75